0	10002
1	10080
2	10120
3	1012313
4	1012411
5	10125
6	10133
7	10135
8	11001
9	1211242158
10	1231525161
11	132
12	142529
13	15030
14	15034
15	15036
16	15039
17	1504411
18	1504412
19	1504413
20	1504414
21	150561222
22	1505624
23	1505626
24	1505811
25	1505812
26	1505813
27	1506012
28	16008
29	16011
30	16012
31	16014
32	16015
33	16016
34	16033
35	16043
36	16045
37	16048
38	16049
39	16052
40	16054
41	1615111
42	1615622
43	1615628
44	1616117
45	1616123
46	1616126
47	1616130
48	1616222
49	1616223
50	1616823
51	1616915
52	1616921
53	1616923
54	1620211
55	1620215
56	1620711
57	1620712
58	16216
59	16218
60	16219
61	16225
62	16235
63	16236
64	16237
65	16238
66	1624412
67	16254
68	1625811
69	16259
70	17001
71	17003
72	1700712
73	1701116
74	1701211
75	1701212
76	1701213
77	1701214
78	1701215
79	1701216
80	1701314
81	1701411
82	17021
83	1702820
84	17038
85	1708411
86	1708420
87	1708424
88	1708426
89	1708427
90	1709011
91	1709014
92	1709111
93	1709120
94	17096
95	1710714
96	1710914
97	1712916
98	1713611
99	1716412
100	1716514
101	17174
102	1719111
103	18007
104	1809413
105	1809713
106	1809813
107	20615
108	20616
109	20617
110	20618
111	20619
112	20622
113	20652
114	20653
115	20654
116	20655
117	20657
118	20658
119	20659
120	20661
121	20664
122	20665
123	20666
124	20667
125	20668
126	20669
127	20670
128	20674
129	20675
130	20676
131	20677
132	20679
133	20681
134	20682
135	20684
136	20685
137	20686
138	20694
139	20696
140	20697
141	20698
142	20699
143	20700
144	20702
145	20704
146	20705
147	20707
148	20711
149	20712
150	20713
151	20716
152	20717
153	20718
154	20719
155	20723
156	20724
157	20725
158	20726
159	20727
160	20728
161	20731
162	20733
163	20735
164	20748
165	20749
166	20750
167	20751
168	20752
169	20754
170	20755
171	20756
172	20757
173	20758
174	20759
175	20760
176	20761
177	20762
178	20763
179	20764
180	20765
181	20766
182	20767
183	20768
184	20769
185	20770
186	20771
187	20772
188	20773
189	20774
190	20775
191	20777
192	20778
193	20780
194	20781
195	20782
196	20785
197	20793
198	20794
199	20795
200	20796
201	20798
202	20801
203	20802
204	20803
205	20816
206	20818
207	20819
208	20821
209	20823
210	20826
211	20828
212	20829
213	20830
214	20831
215	20832
216	20835
217	20836
218	20837
219	20838
220	20839
221	20840
222	20845
223	20846
224	20847
225	20848
226	20851
227	20854
228	20856
229	20857
230	20860
231	20866
232	20867
233	20868
234	20869
235	20878
236	20886
237	20893
238	20894
239	20897
240	20898
241	20902
242	20903
243	20906
244	20910
245	20914
246	20931
247	20932
248	20933
249	20934
250	20935
251	20936
252	20941
253	20956
254	20960
255	20961
256	20963
257	20966
258	20967
259	20969
260	20970
261	20971
262	20972
263	20973
264	20974
265	20975
266	20977
267	20978
268	20979
269	20980
270	20981
271	20982
272	20983
273	20984
274	20985
275	20986
276	20992
277	20996
278	20997
279	20998
280	21000
281	21001
282	21002
283	21003
284	21009
285	21011
286	21012
287	21014
288	21015
289	21018
290	21025
291	21026
292	21027
293	21028
294	21030
295	21031
296	21032
297	21033
298	21034
299	21035
300	21038
301	21039
302	21040
303	21041
304	21042
305	21043
306	21051
307	21054
308	21055
309	21056
310	21058
311	21059
312	21060
313	21061
314	21062
315	21063
316	21064
317	21065
318	21066
319	21067
320	21068
321	21069
322	21070
323	21071
324	21078
325	21080
326	21082
327	21084
328	21086
329	21087
330	21088
331	21089
332	21090
333	21094
334	21095
335	21096
336	21098
337	21100
338	21106
339	21107
340	21108
341	21109
342	21110
343	21111
344	21112
345	21114
346	21115
347	21116
348	21117
349	21121
350	21122
351	21123
352	21124
353	21125
354	21126
355	21128
356	21129
357	21131
358	21132
359	21135
360	21136
361	21137
362	21143
363	21145
364	21147
365	21154
366	21155
367	21156
368	21157
369	21158
370	21159
371	21161
372	21162
373	21163
374	21164
375	21165
376	21166
377	21167
378	21169
379	21171
380	21172
381	21174
382	21175
383	21179
384	21181
385	21187
386	21188
387	21189
388	21190
389	21191
390	21192
391	21194
392	21195
393	21196
394	21197
395	21198
396	21199
397	21200
398	21201
399	21202
400	21204
401	21205
402	21206
403	21207
404	21208
405	21209
406	21210
407	21211
408	21212
409	21213
410	21215
411	21216
412	21217
413	21218
414	21219
415	21220
416	21221
417	21222
418	21224
419	21226
420	21228
421	21231
422	21232
423	21238
424	21239
425	21240
426	21242
427	21243
428	21244
429	21245
430	21246
431	21248
432	21249
433	21250
434	21251
435	21253
436	21257
437	21258
438	21259
439	21260
440	21261
441	21262
442	21263
443	21264
444	21265
445	21269
446	21270
447	21272
448	21275
449	21277
450	21278
451	21279
452	21280
453	21281
454	21284
455	21285
456	21286
457	21287
458	21288
459	21289
460	21291
461	21292
462	21293
463	21294
464	21306
465	21307
466	21310
467	21311
468	21313
469	21314
470	21316
471	21317
472	21318
473	21319
474	21320
475	21324
476	21326
477	21327
478	21328
479	21329
480	21331
481	21332
482	21333
483	21336
484	21340
485	21344
486	21348
487	21349
488	21351
489	21352
490	21354
491	21355
492	21356
493	21357
494	21358
495	21359
496	21360
497	21361
498	21363
499	21364
500	21365
501	21366
502	21367
503	21368
504	21369
505	21371
506	21372
507	21373
508	21374
509	21375
510	21376
511	21377
512	21378
513	21379
514	21380
515	21381
516	21382
517	21383
518	21385
519	21386
520	21389
521	21390
522	21391
523	21392
524	21394
525	21395
526	21397
527	21398
528	21399
529	21400
530	21401
531	21402
532	21403
533	21407
534	21408
535	21411
536	21413
537	21415
538	21416
539	21417
540	21418
541	21420
542	21421
543	21422
544	21424
545	21425
546	21426
547	21427
548	21428
549	21429
550	21430
551	21439
552	21441
553	21442
554	21445
555	21446
556	21447
557	21448
558	21452
559	21454
560	21455
561	21456
562	21457
563	21458
564	21459
565	21460
566	21462
567	21463
568	21464
569	21465
570	21466
571	21467
572	21468
573	21469
574	21470
575	21471
576	21472
577	21473
578	21476
579	21479
580	21481
581	21484
582	21485
583	21486
584	21488
585	21491
586	21494
587	21495
588	21497
589	21498
590	21499
591	21500
592	21503
593	21504
594	21506
595	21507
596	21508
597	21509
598	21518
599	21519
600	21520
601	21523
602	21524
603	21527
604	21528
605	21530
606	21531
607	21533
608	21534
609	21535
610	21537
611	21538
612	21539
613	21544
614	21547
615	21555
616	21556
617	21557
618	21558
619	21559
620	21561
621	21562
622	21563
623	21564
624	21576
625	21577
626	21578
627	21579
628	21580
629	21581
630	21584
631	21586
632	21587
633	21588
634	21591
635	21592
636	21609
637	21613
638	21614
639	21615
640	21616
641	21617
642	21618
643	21619
644	21620
645	21621
646	21622
647	21623
648	21624
649	21625
650	21626
651	21627
652	21628
653	21629
654	21630
655	21631
656	21632
657	21633
658	21634
659	21635
660	21636
661	21637
662	21638
663	21640
664	21641
665	21642
666	21643
667	21644
668	21647
669	21648
670	21650
671	21651
672	21654
673	21655
674	21656
675	21657
676	21658
677	21661
678	21662
679	21664
680	21666
681	21668
682	21669
683	21670
684	21671
685	21672
686	21673
687	21675
688	21676
689	21677
690	21678
691	21679
692	21680
693	21681
694	21682
695	21683
696	21684
697	21686
698	21688
699	21689
700	21690
701	21692
702	21693
703	21694
704	21695
705	21696
706	21698
707	21700
708	21703
709	21704
710	21705
711	21706
712	21707
713	21708
714	21709
715	21710
716	21711
717	21713
718	21714
719	21715
720	21716
721	21717
722	21718
723	21719
724	21720
725	21721
726	21722
727	21723
728	21724
729	21725
730	21726
731	21730
732	21731
733	21733
734	21735
735	21736
736	21738
737	21739
738	21741
739	21742
740	21743
741	21744
742	21745
743	21746
744	21747
745	21749
746	21750
747	21754
748	21755
749	21756
750	21758
751	21761
752	21763
753	21769
754	21770
755	21773
756	21774
757	21775
758	21777
759	21781
760	21784
761	21785
762	21786
763	21787
764	21788
765	21789
766	21790
767	21791
768	21792
769	21793
770	21794
771	21801
772	21802
773	21803
774	21804
775	21807
776	21808
777	21809
778	21810
779	21811
780	21812
781	21813
782	21814
783	21815
784	21817
785	21818
786	21819
787	21820
788	21821
789	21822
790	21823
791	21824
792	21826
793	21828
794	21829
795	21830
796	21832
797	21833
798	21841
799	21843
800	21844
801	21845
802	21846
803	21847
804	21849
805	21850
806	21851
807	21864
808	21865
809	21866
810	21867
811	21868
812	21870
813	21871
814	21872
815	21873
816	21874
817	21875
818	21876
819	21877
820	21878
821	21879
822	21880
823	21881
824	21882
825	21883
826	21884
827	21888
828	21889
829	21890
830	21891
831	21892
832	21894
833	21896
834	21897
835	21898
836	21899
837	21900
838	21901
839	21902
840	21903
841	21904
842	21905
843	21906
844	21907
845	21908
846	21910
847	21911
848	21912
849	21913
850	21914
851	21915
852	21916
853	21917
854	21918
855	21922
856	21925
857	21926
858	21927
859	21928
860	21929
861	21930
862	21931
863	21932
864	21933
865	21934
866	21935
867	21936
868	21937
869	21942
870	21943
871	21944
872	21945
873	21946
874	21947
875	21948
876	21949
877	21955
878	21967
879	21972
880	21973
881	21974
882	21975
883	21976
884	21977
885	21980
886	21981
887	21982
888	21983
889	21984
890	21985
891	21986
892	21987
893	21988
894	21989
895	21990
896	21991
897	21992
898	21993
899	22021
900	22023
901	22024
902	22025
903	22026
904	22027
905	22028
906	22029
907	22030
908	22031
909	22032
910	22033
911	22035
912	22037
913	22038
914	22039
915	22040
916	22041
917	22042
918	22043
919	22044
920	22045
921	22046
922	22047
923	22048
924	22049
925	22050
926	22051
927	22052
928	22053
929	22055
930	22057
931	22059
932	22060
933	22061
934	22062
935	22063
936	22064
937	22065
938	22066
939	22067
940	22068
941	22069
942	22070
943	22071
944	22072
945	22073
946	22074
947	22075
948	22076
949	22077
950	22078
951	22079
952	22080
953	22081
954	22082
955	22083
956	22084
957	22085
958	22086
959	22087
960	22088
961	22089
962	22090
963	22091
964	22092
965	22093
966	22094
967	22095
968	22096
969	22097
970	22098
971	22099
972	22100
973	22101
974	22102
975	22103
976	22104
977	22105
978	22106
979	22107
980	22108
981	22109
982	22110
983	22111
984	22112
985	22113
986	22114
987	22115
988	22116
989	22117
990	22118
991	22119
992	22120
993	22121
994	22123
995	22124
996	22125
997	22127
998	22128
999	22129
1000	22130
1001	22131
1002	22132
1003	22133
1004	22134
1005	22135
1006	22136
1007	22137
1008	22138
1009	22139
1010	22141
1011	22142
1012	22144
1013	22145
1014	22147
1015	22148
1016	22149
1017	22150
1018	22151
1019	22152
1020	22153
1021	22154
1022	22155
1023	22156
1024	22157
1025	22158
1026	22161
1027	22162
1028	22163
1029	22164
1030	22165
1031	22166
1032	22167
1033	22168
1034	22169
1035	22170
1036	22171
1037	22173
1038	22174
1039	22175
1040	22176
1041	22178
1042	22179
1043	22180
1044	22181
1045	22182
1046	22183
1047	22184
1048	22185
1049	22186
1050	22187
1051	22188
1052	22189
1053	22190
1054	22191
1055	22192
1056	22193
1057	22194
1058	22195
1059	22196
1060	22197
1061	22198
1062	22199
1063	22200
1064	22201
1065	22202
1066	22203
1067	22204
1068	22207
1069	22208
1070	22209
1071	22210
1072	22211
1073	22212
1074	22214
1075	22215
1076	22216
1077	22217
1078	22218
1079	22219
1080	22220
1081	22221
1082	22222
1083	22223
1084	22224
1085	22227
1086	22228
1087	22229
1088	22230
1089	22231
1090	22232
1091	22233
1092	22236
1093	22241
1094	22242
1095	22243
1096	22244
1097	22245
1098	22246
1099	22247
1100	22248
1101	22249
1102	22250
1103	22251
1104	22252
1105	22254
1106	22255
1107	22256
1108	22257
1109	22258
1110	22259
1111	22260
1112	22261
1113	22262
1114	22263
1115	22264
1116	22265
1117	22266
1118	22267
1119	22268
1120	22269
1121	22270
1122	22271
1123	22272
1124	22273
1125	22274
1126	22275
1127	22276
1128	22277
1129	22278
1130	22279
1131	22280
1132	22281
1133	22282
1134	22283
1135	22284
1136	22285
1137	22286
1138	22287
1139	22288
1140	22289
1141	22291
1142	22292
1143	22293
1144	22294
1145	22295
1146	22296
1147	22297
1148	22299
1149	22300
1150	22301
1151	22302
1152	22303
1153	22304
1154	22305
1155	22306
1156	22307
1157	22308
1158	22309
1159	22310
1160	22311
1161	22312
1162	22313
1163	22314
1164	22315
1165	22316
1166	22317
1167	22318
1168	22319
1169	22320
1170	22321
1171	22322
1172	22323
1173	22324
1174	22325
1175	22326
1176	22327
1177	22328
1178	22329
1179	22331
1180	22332
1181	22333
1182	22334
1183	22335
1184	22336
1185	22337
1186	22338
1187	22339
1188	22340
1189	22341
1190	22342
1191	22343
1192	22344
1193	22345
1194	22346
1195	22348
1196	22349
1197	22350
1198	22351
1199	22352
1200	22353
1201	22354
1202	22355
1203	22356
1204	22357
1205	22358
1206	22359
1207	22360
1208	22361
1209	22362
1210	22363
1211	22364
1212	22365
1213	22366
1214	22367
1215	22371
1216	22372
1217	22374
1218	22375
1219	22376
1220	22377
1221	22378
1222	22379
1223	22380
1224	22381
1225	22382
1226	22383
1227	22384
1228	22385
1229	22386
1230	22389
1231	22390
1232	22391
1233	22393
1234	22394
1235	22395
1236	22396
1237	22398
1238	22399
1239	22400
1240	22402
1241	22403
1242	22405
1243	22406
1244	22407
1245	22408
1246	22409
1247	22410
1248	22411
1249	22412
1250	22413
1251	22414
1252	22415
1253	22416
1254	22417
1255	22418
1256	22419
1257	22420
1258	22421
1259	22422
1260	22423
1261	22424
1262	22425
1263	22426
1264	22427
1265	22428
1266	22429
1267	22430
1268	22431
1269	22432
1270	22433
1271	22434
1272	22435
1273	22436
1274	22437
1275	22438
1276	22439
1277	22440
1278	22441
1279	22442
1280	22443
1281	22444
1282	22445
1283	22446
1284	22447
1285	22448
1286	22449
1287	22450
1288	22451
1289	22452
1290	22453
1291	22454
1292	22456
1293	22457
1294	22458
1295	22459
1296	22460
1297	22461
1298	22464
1299	22465
1300	22466
1301	22467
1302	22468
1303	22469
1304	22470
1305	22471
1306	22472
1307	22473
1308	22474
1309	22475
1310	22476
1311	22477
1312	22478
1313	22479
1314	22480
1315	22481
1316	22482
1317	22483
1318	22485
1319	22486
1320	22487
1321	22488
1322	22489
1323	22491
1324	22492
1325	22493
1326	22494
1327	22495
1328	22496
1329	22497
1330	22498
1331	22499
1332	22500
1333	22501
1334	22502
1335	22503
1336	22504
1337	22505
1338	22507
1339	22508
1340	22509
1341	22510
1342	22511
1343	22512
1344	22513
1345	22514
1346	22515
1347	22516
1348	22517
1349	22518
1350	22519
1351	22520
1352	22521
1353	22522
1354	22523
1355	22524
1356	22525
1357	22526
1358	22529
1359	22530
1360	22531
1361	22532
1362	22533
1363	22534
1364	22535
1365	22536
1366	22537
1367	22538
1368	22539
1369	22540
1370	22541
1371	22543
1372	22544
1373	22545
1374	22546
1375	22547
1376	22548
1377	22549
1378	22550
1379	22551
1380	22553
1381	22554
1382	22555
1383	22556
1384	22557
1385	22558
1386	22559
1387	22560
1388	22561
1389	22562
1390	22563
1391	22564
1392	22565
1393	22566
1394	22567
1395	22568
1396	22569
1397	22570
1398	22571
1399	22572
1400	22573
1401	22574
1402	22575
1403	22576
1404	22577
1405	22578
1406	22579
1407	22580
1408	22581
1409	22582
1410	22583
1411	22584
1412	22585
1413	22586
1414	22587
1415	22588
1416	22589
1417	22591
1418	22592
1419	22593
1420	22594
1421	22595
1422	22596
1423	22597
1424	22598
1425	22599
1426	22600
1427	22601
1428	22602
1429	22603
1430	22604
1431	22605
1432	22606
1433	22607
1434	22608
1435	22609
1436	22610
1437	22611
1438	22613
1439	22614
1440	22615
1441	22616
1442	22617
1443	22618
1444	22619
1445	22620
1446	22621
1447	22622
1448	22623
1449	22624
1450	22625
1451	22626
1452	22627
1453	22628
1454	22629
1455	22630
1456	22631
1457	22632
1458	22633
1459	22634
1460	22635
1461	22636
1462	22637
1463	22638
1464	22639
1465	22640
1466	22641
1467	22642
1468	22643
1469	22644
1470	22645
1471	22646
1472	22647
1473	22649
1474	22650
1475	22651
1476	22652
1477	22653
1478	22654
1479	22655
1480	22656
1481	22659
1482	22660
1483	22661
1484	22662
1485	22663
1486	22664
1487	22665
1488	22666
1489	22667
1490	22668
1491	22669
1492	22670
1493	22671
1494	22672
1495	22673
1496	22674
1497	22675
1498	22676
1499	22677
1500	22678
1501	22679
1502	22680
1503	22681
1504	22682
1505	22683
1506	22684
1507	22685
1508	22686
1509	22687
1510	22688
1511	22689
1512	22690
1513	22691
1514	22692
1515	22693
1516	22694
1517	22695
1518	22696
1519	22697
1520	22698
1521	22699
1522	22700
1523	22701
1524	22702
1525	22703
1526	22704
1527	22705
1528	22706
1529	22707
1530	22708
1531	22709
1532	22710
1533	22711
1534	22712
1535	22713
1536	22714
1537	22715
1538	22716
1539	22717
1540	22718
1541	22719
1542	22720
1543	22721
1544	22722
1545	22723
1546	22725
1547	22726
1548	22727
1549	22728
1550	22729
1551	22730
1552	22731
1553	22732
1554	22733
1555	22734
1556	22735
1557	22736
1558	22737
1559	22738
1560	22739
1561	22740
1562	22741
1563	22742
1564	22743
1565	22744
1566	22745
1567	22746
1568	22747
1569	22748
1570	22749
1571	22750
1572	22751
1573	22752
1574	22753
1575	22754
1576	22755
1577	22756
1578	22757
1579	22758
1580	22759
1581	22760
1582	22761
1583	22762
1584	22763
1585	22764
1586	22765
1587	22766
1588	22767
1589	22768
1590	22769
1591	22770
1592	22771
1593	22772
1594	22773
1595	22774
1596	22775
1597	22776
1598	22777
1599	22778
1600	22779
1601	22780
1602	22781
1603	22782
1604	22783
1605	22784
1606	22785
1607	22786
1608	22788
1609	22789
1610	22791
1611	22792
1612	22794
1613	22795
1614	22796
1615	22797
1616	22798
1617	22799
1618	22800
1619	22801
1620	22802
1621	22803
1622	22804
1623	22805
1624	22806
1625	22807
1626	22808
1627	22809
1628	22810
1629	22811
1630	22812
1631	22813
1632	22814
1633	22815
1634	22816
1635	22817
1636	22818
1637	22819
1638	22820
1639	22821
1640	22822
1641	22823
1642	22824
1643	22825
1644	22826
1645	22827
1646	22828
1647	22829
1648	22830
1649	22831
1650	22832
1651	22834
1652	22835
1653	22837
1654	22838
1655	22839
1656	22840
1657	22841
1658	22842
1659	22843
1660	22844
1661	22845
1662	22846
1663	22847
1664	22848
1665	22849
1666	22851
1667	22852
1668	22853
1669	22854
1670	22855
1671	22856
1672	22857
1673	22858
1674	22859
1675	22860
1676	22861
1677	22862
1678	22863
1679	22865
1680	22866
1681	22867
1682	22868
1683	22869
1684	22870
1685	22871
1686	22872
1687	22873
1688	22874
1689	22875
1690	22876
1691	22877
1692	22878
1693	22879
1694	22880
1695	22881
1696	22882
1697	22883
1698	22884
1699	22885
1700	22886
1701	22887
1702	22888
1703	22889
1704	22890
1705	22891
1706	22892
1707	22893
1708	22894
1709	22895
1710	22896
1711	22897
1712	22898
1713	22899
1714	22900
1715	22902
1716	22903
1717	22904
1718	22905
1719	22906
1720	22907
1721	22908
1722	22909
1723	22910
1724	22911
1725	22912
1726	22913
1727	22914
1728	22915
1729	22916
1730	22917
1731	22918
1732	22919
1733	22920
1734	22921
1735	22922
1736	22923
1737	22924
1738	22925
1739	22926
1740	22927
1741	22928
1742	22929
1743	22930
1744	22931
1745	22932
1746	22933
1747	22934
1748	22935
1749	22936
1750	22937
1751	22938
1752	22939
1753	22940
1754	22941
1755	22942
1756	22943
1757	22944
1758	22945
1759	22946
1760	22947
1761	22948
1762	22949
1763	22950
1764	22951
1765	22952
1766	22953
1767	22954
1768	22955
1769	22956
1770	22957
1771	22959
1772	22960
1773	22961
1774	22962
1775	22963
1776	22964
1777	22965
1778	22966
1779	22967
1780	22968
1781	22969
1782	22970
1783	22971
1784	22972
1785	22973
1786	22974
1787	22975
1788	22976
1789	22977
1790	22978
1791	22979
1792	22980
1793	22981
1794	22982
1795	22983
1796	22984
1797	22985
1798	22986
1799	22987
1800	22988
1801	22989
1802	22990
1803	22991
1804	22992
1805	22993
1806	22994
1807	22995
1808	22996
1809	22997
1810	22998
1811	22999
1812	23
1813	23000
1814	23002
1815	23003
1816	23004
1817	23005
1818	23006
1819	23007
1820	23008
1821	23009
1822	23010
1823	23012
1824	23013
1825	23014
1826	23015
1827	23016
1828	23017
1829	23018
1830	23019
1831	23020
1832	23021
1833	23022
1834	23023
1835	23024
1836	23025
1837	23026
1838	23027
1839	23028
1840	23029
1841	23031
1842	23032
1843	23033
1844	23034
1845	23035
1846	23036
1847	23037
1848	23038
1849	23039
1850	23040
1851	23041
1852	23042
1853	23043
1854	23044
1855	23045
1856	23046
1857	23047
1858	23048
1859	23049
1860	23050
1861	23051
1862	23052
1863	23053
1864	23054
1865	23055
1866	23056
1867	23057
1868	23058
1869	23060
1870	23061
1871	23064
1872	23065
1873	23066
1874	23067
1875	23068
1876	23069
1877	23070
1878	23071
1879	23072
1880	23073
1881	23074
1882	23075
1883	23076
1884	23077
1885	23078
1886	23079
1887	23080
1888	23081
1889	23082
1890	23083
1891	23084
1892	23085
1893	23086
1894	23087
1895	23088
1896	23089
1897	23090
1898	23091
1899	23092
1900	23093
1901	23094
1902	23096
1903	23099
1904	23100
1905	23101
1906	23102
1907	23103
1908	23104
1909	23106
1910	23107
1911	23108
1912	23109
1913	23110
1914	23111
1915	23112
1916	23113
1917	23114
1918	23115
1919	23116
1920	23117
1921	23118
1922	23119
1923	23120
1924	23121
1925	23122
1926	23123
1927	23124
1928	23125
1929	23126
1930	23127
1931	23128
1932	23129
1933	23130
1934	23131
1935	23132
1936	23133
1937	23134
1938	23135
1939	23136
1940	23137
1941	23138
1942	23139
1943	23140
1944	23141
1945	23142
1946	23143
1947	23144
1948	23145
1949	23146
1950	23147
1951	23148
1952	23149
1953	23150
1954	23151
1955	23152
1956	23153
1957	23154
1958	23155
1959	23156
1960	23157
1961	23158
1962	23159
1963	23160
1964	23161
1965	23162
1966	23163
1967	23164
1968	23165
1969	23166
1970	23167
1971	23168
1972	23169
1973	23170
1974	23171
1975	23172
1976	23173
1977	23174
1978	23175
1979	23176
1980	23177
1981	23178
1982	23179
1983	23180
1984	23181
1985	23182
1986	23183
1987	23184
1988	23185
1989	23186
1990	23187
1991	23188
1992	23189
1993	23190
1994	23191
1995	23192
1996	23193
1997	23194
1998	23196
1999	23197
2000	23198
2001	23199
2002	23200
2003	23201
2004	23202
2005	23203
2006	23204
2007	23205
2008	23206
2009	23207
2010	23208
2011	23209
2012	23210
2013	23211
2014	23212
2015	23213
2016	23214
2017	23215
2018	23216
2019	23217
2020	23218
2021	23219
2022	23220
2023	23221
2024	23222
2025	23223
2026	23224
2027	23225
2028	23226
2029	23227
2030	23228
2031	23229
2032	23230
2033	23231
2034	23232
2035	23233
2036	23234
2037	23235
2038	23236
2039	23237
2040	23238
2041	23239
2042	23240
2043	23241
2044	23242
2045	23243
2046	23244
2047	23245
2048	23247
2049	23249
2050	23250
2051	23251
2052	23252
2053	23253
2054	23254
2055	23255
2056	23256
2057	23263
2058	23264
2059	23265
2060	23266
2061	23267
2062	23268
2063	23269
2064	23270
2065	23271
2066	23272
2067	23273
2068	23274
2069	23275
2070	23280
2071	23281
2072	23282
2073	23283
2074	23284
2075	23285
2076	23286
2077	23287
2078	23288
2079	23289
2080	23290
2081	23291
2082	23292
2083	23293
2084	23294
2085	23295
2086	23296
2087	23297
2088	23298
2089	23299
2090	23300
2091	23301
2092	23302
2093	23303
2094	23304
2095	23305
2096	23306
2097	23307
2098	23308
2099	23309
2100	23310
2101	23311
2102	23312
2103	23313
2104	23314
2105	23315
2106	23316
2107	23317
2108	23318
2109	23319
2110	23320
2111	23321
2112	23322
2113	23323
2114	23324
2115	23325
2116	23326
2117	23327
2118	23328
2119	23329
2120	23330
2121	23331
2122	23332
2123	23333
2124	23334
2125	23335
2126	23336
2127	23337
2128	23338
2129	23339
2130	23340
2131	23341
2132	23342
2133	23343
2134	23344
2135	23345
2136	23346
2137	23347
2138	23348
2139	23349
2140	23350
2141	23351
2142	23352
2143	23353
2144	23354
2145	23355
2146	23356
2147	23357
2148	23358
2149	23359
2150	23360
2151	23365
2152	23366
2153	23367
2154	23368
2155	23369
2156	23370
2157	23371
2158	23372
2159	23373
2160	23374
2161	23375
2162	23376
2163	23377
2164	23378
2165	23379
2166	23380
2167	23381
2168	23382
2169	23388
2170	23389
2171	23390
2172	23391
2173	23392
2174	23393
2175	23394
2176	23395
2177	23396
2178	23397
2179	23398
2180	23399
2181	23400
2182	23401
2183	23402
2184	23403
2185	23404
2186	23405
2187	23406
2188	23407
2189	23408
2190	23409
2191	23410
2192	23411
2193	23412
2194	23413
2195	23414
2196	23415
2197	23416
2198	23417
2199	23418
2200	23419
2201	23420
2202	23421
2203	23422
2204	23423
2205	23424
2206	23425
2207	23426
2208	23427
2209	23428
2210	23429
2211	23430
2212	23431
2213	23432
2214	23433
2215	23434
2216	23435
2217	23436
2218	23437
2219	23438
2220	23439
2221	23440
2222	23441
2223	23442
2224	23444
2225	23445
2226	23446
2227	23447
2228	23448
2229	23449
2230	23451
2231	23452
2232	23453
2233	23454
2234	23455
2235	23456
2236	23457
2237	23458
2238	23459
2239	23460
2240	23461
2241	23462
2242	23463
2243	23464
2244	23465
2245	23466
2246	23467
2247	23468
2248	23469
2249	23470
2250	23471
2251	23472
2252	23473
2253	23474
2254	23475
2255	23476
2256	23477
2257	23478
2258	23479
2259	23480
2260	23481
2261	23482
2262	23483
2263	23484
2264	23485
2265	23486
2266	23487
2267	23489
2268	23490
2269	23491
2270	23492
2271	23493
2272	23494
2273	23495
2274	23496
2275	23497
2276	23498
2277	23499
2278	23500
2279	23501
2280	23502
2281	23503
2282	23504
2283	23505
2284	23506
2285	23507
2286	23508
2287	23509
2288	23510
2289	23511
2290	23512
2291	23513
2292	23514
2293	23515
2294	23516
2295	23517
2296	23518
2297	23519
2298	23520
2299	23521
2300	23522
2301	23523
2302	23524
2303	23525
2304	23526
2305	23527
2306	23528
2307	23529
2308	23530
2309	23531
2310	23532
2311	23533
2312	23534
2313	23535
2314	23536
2315	23537
2316	23538
2317	23539
2318	23540
2319	23541
2320	23542
2321	23543
2322	23544
2323	23545
2324	23546
2325	23547
2326	23548
2327	23549
2328	23550
2329	23551
2330	23552
2331	23553
2332	23554
2333	23555
2334	23556
2335	23557
2336	23558
2337	23559
2338	23560
2339	23561
2340	23562
2341	23564
2342	23565
2343	23566
2344	23567
2345	23568
2346	23569
2347	23570
2348	23571
2349	23574
2350	23575
2351	23576
2352	23578
2353	23579
2354	23580
2355	23581
2356	23582
2357	23583
2358	23597
2359	23598
2360	23630
2361	23660
2362	23661
2363	23681
2364	23691
2365	23694
2366	23695
2367	23697
2368	23702
2369	26252829
2370	28
2371	3500117
2372	3500132
2373	3500412
2374	3500413
2375	3500417
2376	3509511
2377	3509512
2378	35241
2379	35265
2380	3527128
2381	35400
2382	35443
2383	3547114
2384	3559129
2385	3559711
2386	3559712
2387	3559714
2388	3559812
2389	3559813
2390	3559814
2391	3559912
2392	3559914
2393	3560711
2394	3560712
2395	3561011
2396	3561012
2397	3561013
2398	3563711
2399	3563713
2400	3563811
2401	3563812
2402	35645
2403	35646
2404	35647
2405	35648
2406	35651
2407	35653
2408	3580911
2409	3580912
2410	3581011
2411	3581012
2412	3581526
2413	3581626
2414	3581726
2415	3581812
2416	3581826
2417	3581912
2418	3581926
2419	3583326
2420	3590912
2421	3591011
2422	3591012
2423	3591111
2424	3591112
2425	3591212
2426	3591312
2427	35914
2428	3591512
2429	3591513
2430	3591611
2431	3591613
2432	35920
2433	35921
2434	35922
2435	35923
2436	35924
2437	35933
2438	35953
2439	35954
2440	35957
2441	35961
2442	35964
2443	35965
2444	35966
2445	35967
2446	35968
2447	35970
2448	35971
2449	35972
2450	37327
2451	37333
2452	37340
2453	37342
2454	37343
2455	37351
2456	37370
2457	37413
2458	37423
2459	3744411
2460	3744412
2461	3744413
2462	37446
2463	37447
2464	37448
2465	37449
2466	37450
2467	3746215
2468	37464
2469	37467
2470	37468
2471	37471
2472	37475
2473	37476
2474	3747912
2475	3747926
2476	3748226
2477	3748712
2478	3748811
2479	3748911
2480	3748912
2481	3748913
2482	3748914
2483	37495
2484	37500
2485	37501
2486	40001
2487	40003
2488	4000512
2489	40016
2490	4004611
2491	4408913
2492	4409212
2493	4409213
2494	44228
2495	44234
2496	44235
2497	44236
2498	4424211
2499	4424212
2500	44265
2501	45013
2502	4600023
2503	4600026
2504	4600027
2505	4600028
2506	4600030
2507	46118
2508	4612611
2509	4613812
2510	4677514
2511	4677611
2512	4677612
2513	4677613
2514	4677614
2515	4677615
2516	4677616
2517	4701313
2518	4702117
2519	4731023
2520	4734111
2521	4734112
2522	4734311
2523	4734412
2524	4734811
2525	4735112
2526	4736712
2527	4736911
2528	4736912
2529	47420
2530	47421
2531	47422
2532	47469
2533	47471
2534	47480
2535	47481
2536	4750311
2537	4750318
2538	4750320
2539	4750418
2540	4750421
2541	4751816
2542	4755912
2543	4756311
2544	47566
2545	4756612
2546	4756712
2547	4757012
2548	4757411
2549	4757811
2550	47580
2551	4758511
2552	4758611
2553	47589
2554	4759011
2555	4759012
2556	4759112
2557	4759114
2558	4759311
2559	4759312
2560	4759411
2561	4759412
2562	4759911
2563	4759912
2564	48111
2565	48116
2566	48129
2567	48138
2568	4817313
2569	48184
2570	48185
2571	48187
2572	48188
2573	48194
2574	51008
2575	5101411
2576	5101413
2577	5101422
2578	5102011
2579	5102012
2580	62018
2581	6204312
2582	6207412
2583	6208611
2584	6209611
2585	6209712
2586	70006
2587	70007
2588	71038
2589	71050
2590	71053
2591	7110115
2592	71143
2593	71215
2594	71270
2595	71279
2596	71403
2597	7140613
2598	71459
2599	71477
2600	7149511
2601	7149512
2602	7149612
2603	71510
2604	7202430
2605	7205128
2606	72122
2607	72127
2608	72128
2609	72130
2610	72131
2611	72132
2612	72133
2613	72134
2614	7214015
2615	7222513
2616	72232
2617	7234912
2618	7235111
2619	7235112
2620	7236911
2621	72586
2622	72598
2623	72709
2624	72741
2625	7276012
2626	72780
2627	72783
2628	7279813
2629	7279913
2630	7279915
2631	7279916
2632	7280012
2633	7280013
2634	7280014
2635	7280015
2636	7280113
2637	7280114
2638	7280117
2639	7280211
2640	7280212
2641	7280213
2642	7280311
2643	7280312
2644	7280711
2645	7280712
2646	7280713
2647	72811
2648	72812
2649	72816
2650	72817
2651	72818
2652	72819
2653	72821
2654	75011
2655	7501312
2656	7504922
2657	75131
2658	75172
2659	75178
2660	7710111
2661	78033
2662	7803412
2663	78124
2664	79000
2665	7902612
2666	7903014
2667	7903017
2668	7905111
2669	7906214
2670	7906313
2671	7906314
2672	7906621
2673	79067
2674	7907112
2675	7914412
2676	7914413
2677	7915731
2678	79160
2679	79163
2680	79164
2681	7919011
2682	7919012
2683	7919014
2684	7919112
2685	7919113
2686	7919114
2687	7930223
2688	79321
2689	7932312
2690	7932326
2691	79331
2692	79336
2693	79337
2694	79403
2695	79406
2696	8195012
2697	8195031
2698	8195212
2699	8195231
2700	8195312
2701	8200128
2702	8201111
2703	8201112
2704	8201113
2705	82095
2706	82482
2707	82483
2708	82484
2709	82486
2710	8249422
2711	82551
2712	82552
2713	82567
2714	82578
2715	82580
2716	82581
2717	82582
2718	82583
2719	82599
2720	82600
2721	82605
2722	8261311
2723	8261312
2724	8261313
2725	8261314
2726	82615
2727	8261612
2728	8261613
2729	84006
2730	84012
2731	84016
2732	8402915
2733	8402917
2734	8403015
2735	8403111
2736	8403112
2737	8403211
2738	8403212
2739	84033
2740	84050
2741	84051
2742	84077
2743	8407811
2744	8408612
2745	8408613
2746	84192
2747	84199
2748	8420113
2749	84212
2750	84218
2751	84226
2752	84228
2753	84231
2754	8424715
2755	8424717
2756	8424721
2757	8424722
2758	8424724
2759	8424911
2760	8425112
2761	8425113
2762	8425117
2763	8427912
2764	8427926
2765	84306
2766	8431312
2767	8431313
2768	8434112
2769	84347
2770	84352
2771	84356
2772	84358
2773	84360
2774	84375
2775	84378
2776	84380
2777	84388
2778	8440212
2779	8440612
2780	8441511
2781	8441512
2782	84422
2783	8442911
2784	84452
2785	84457
2786	8445911
2787	8445912
2788	84461
2789	84462
2790	84465
2791	84497
2792	84499
2793	8450712
2794	8450713
2795	8450811
2796	8450812
2797	8450813
2798	8450911
2799	8450912
2800	8450913
2801	8450915
2802	8450917
2803	8451011
2804	8451013
2805	8451911
2806	8451912
2807	8452012
2808	84522
2809	84527
2810	8453111
2811	8453112
2812	8453412
2813	8453511
2814	8453512
2815	8453611
2816	8453612
2817	84539
2818	84549
2819	84551
2820	8455811
2821	8455911
2822	8455912
2823	8456211
2824	8456311
2825	8456312
2826	84568
2827	8456911
2828	8456912
2829	8456914
2830	8457511
2831	84576
2832	84580
2833	84581
2834	84584
2835	84592
2836	84593
2837	8459515
2838	8459612
2839	8459615
2840	8459616
2841	8459617
2842	8459620
2843	8459622
2844	8459712
2845	8459713
2846	84598
2847	84600
2848	84609
2849	8461311
2850	8461411
2851	84616
2852	84617
2853	8462511
2854	8462513
2855	84629
2856	84631
2857	84632
2858	84637
2859	84638
2860	84658
2861	8465911
2862	8466011
2863	8466012
2864	8466013
2865	8466111
2866	8466112
2867	8466113
2868	8466311
2869	84665
2870	84666
2871	8467311
2872	8467312
2873	84674
2874	84678
2875	84679
2876	84683
2877	84685
2878	84686
2879	84687
2880	84688
2881	84689
2882	84691
2883	84692
2884	8470513
2885	8470614
2886	8470616
2887	8470711
2888	8470712
2889	8470812
2890	8470912
2891	8471111
2892	8471112
2893	8471212
2894	84723
2895	84725
2896	8474113
2897	84744
2898	8474511
2899	8474512
2900	84748
2901	8475011
2902	8475012
2903	8475112
2904	84754
2905	84755
2906	8476028
2907	84763
2908	84766
2909	84789
2910	84792
2911	8479512
2912	8479513
2913	8479611
2914	8479612
2915	8479812
2916	84799
2917	8480022
2918	8480023
2919	8480028
2920	8480111
2921	8480112
2922	8480312
2923	8480411
2924	8480412
2925	8480511
2926	8480611
2927	8480612
2928	8480911
2929	84813
2930	84816
2931	84817
2932	84818
2933	84819
2934	84820
2935	84821
2936	84823
2937	84824
2938	84826
2939	84827
2940	84828
2941	84832
2942	84836
2943	84840
2944	84842
2945	84843
2946	8484611
2947	84847
2948	8484911
2949	8484912
2950	8484914
2951	8485622
2952	8485628
2953	8485712
2954	8485713
2955	8485813
2956	8485911
2957	8485912
2958	8485913
2959	84865
2960	8487012
2961	8487013
2962	8487211
2963	8487311
2964	8487412
2965	8487512
2966	8487514
2967	8487612
2968	8487614
2969	8487711
2970	8487712
2971	8487714
2972	84879
2973	84880
2974	84881
2975	84882
2976	8488411
2977	8489816
2978	84906
2979	84907
2980	8491011
2981	8491211
2982	8491212
2983	8491311
2984	8491312
2985	84915
2986	84916
2987	84917
2988	84919
2989	84920
2990	84921
2991	8492411
2992	8492416
2993	8492514
2994	8492516
2995	8492611
2996	8492614
2997	8492615
2998	8492616
2999	8492711
3000	8492714
3001	8492715
3002	8492716
3003	84929
3004	8493111
3005	8493112
3006	84944
3007	84945
3008	84946
3009	84947
3010	84949
3011	84950
3012	8495111
3013	8495112
3014	8495211
3015	8495212
3016	8495213
3017	8496312
3018	8496811
3019	8496812
3020	8496813
3021	8496814
3022	8496815
3023	8496816
3024	84969
3025	8497022
3026	8497028
3027	8497128
3028	84974
3029	84975
3030	84976
3031	84977
3032	84978
3033	8498411
3034	8498412
3035	8498414
3036	8498511
3037	84987
3038	84988
3039	8498911
3040	84990
3041	84991
3042	84992
3043	8499311
3044	8499312
3045	8499711
3046	8499712
3047	8499713
3048	8499714
3049	85006
3050	85008
3051	8501411
3052	8501412
3053	85015
3054	85016
3055	8501712
3056	8501713
3057	8501814
3058	8501911
3059	8501912
3060	8501913
3061	85020
3062	8502312
3063	8502412
3064	8502413
3065	8502512
3066	8502513
3067	8502612
3068	8502722
3069	8502822
3070	8502828
3071	85030
3072	8503111
3073	8503211
3074	8503212
3075	8503213
3076	8503214
3077	8503411
3078	8503412
3079	8503413
3080	8503511
3081	8503512
3082	8503513
3083	8503611
3084	8503612
3085	8503613
3086	85038
3087	8503911
3088	8503912
3089	8503913
3090	8504011
3091	8504012
3092	85045
3093	85048
3094	8504911
3095	8504912
3096	8504913
3097	8504914
3098	8504915
3099	8504916
3100	8504917
3101	8504918
3102	85053
3103	85054
3104	85055
3105	85059
3106	8506132
3107	85062
3108	85064
3109	85066
3110	85067
3111	8507111
3112	8507112
3113	8507113
3114	8507114
3115	85078
3116	85084
3117	8508611
3118	85087
3119	85088
3120	85092
3121	85093
3122	85094
3123	85096
3124	8509912
3125	8509913
3126	8509916
3127	85103
3128	85104
3129	85106
3130	85107
3131	85111
3132	8511411
3133	8511412
3134	8511413
3135	85116
3136	85118
3137	8512311
3138	8512412
3139	8512413
3140	85125
3141	85127
3142	8512912
3143	8512913
3144	8512914
3145	8513011
3146	8513012
3147	8513013
3148	8513014
3149	8513111
3150	8513112
3151	8513113
3152	8513114
3153	8513211
3154	8513212
3155	8513213
3156	8513511
3157	8513512
3158	8513513
3159	8513611
3160	8513613
3161	85141
3162	85144
3163	85145
3164	85146
3165	85150
3166	85152
3167	8515911
3168	8515912
3169	8516011
3170	8516012
3171	85161
3172	8516311
3173	8516312
3174	8516712
3175	8516911
3176	8516912
3177	8516913
3178	8516914
3179	8517012
3180	8517013
3181	8517014
3182	85172
3183	85173
3184	85174
3185	85175
3186	85176
3187	85177
3188	85178
3189	8517911
3190	8517913
3191	8518011
3192	8518012
3193	8518311
3194	8518312
3195	8518413
3196	8518512
3197	8518514
3198	8518611
3199	8518613
3200	85187
3201	8518811
3202	85189
3203	8519422
3204	8519428
3205	85197
3206	85198
3207	8519922
3208	8519928
3209	85200
3210	85202
3211	85203
3212	85204
3213	8520512
3214	8520611
3215	85208
3216	85211
3217	85212
3218	85213
3219	85214
3220	85215
3221	85216
3222	85224
3223	85225
3224	85227
3225	8523011
3226	8523012
3227	8523015
3228	8523016
3229	8523017
3230	8523112
3231	8523117
3232	8523211
3233	8523212
3234	8523214
3235	9000011
3236	9000014
3237	9000113
3238	9000214
3239	9000313
3240	9000314
3241	9000315
3242	9001011
3243	9001012
3244	9001015
3245	9001112
3246	9001211
3247	9001212
3248	9001312
3249	9001411
3250	9001412
3251	9001413
3252	9001611
3253	9001811
3254	9001812
3255	9001813
3256	9001911
3257	9001913
3258	90022
3259	90023
3260	9002414
3261	9002511
3262	9002516
3263	9002612
3264	9002613
3265	9002614
3266	9002711
3267	9002714
3268	90028
3269	9003011
3270	9003012
3271	9003013
3272	90031
3273	90032
3274	90033
3275	9003513
3276	9003613
3277	9003614
3278	9003712
3279	9003811
3280	9003911
3281	9003912
3282	9003914
3283	9004011
3284	9004012
3285	9004013
3286	90041
3287	90043
3288	90046
3289	90048
3290	90049
3291	90050
3292	90051
3293	90053
3294	90054
3295	90057
3296	9005811
3297	9005812
3298	9006014
3299	90062
3300	9006311
3301	9006312
3302	9006411
3303	9006412
3304	9006511
3305	9006512
3306	9006711
3307	90068
3308	90070
3309	90073
3310	90074
3311	90075
3312	9008111
3313	9008112
3314	9008113
3315	9008211
3316	9008212
3317	9008214
3318	90085
3319	90086
3320	90087
3321	90093
3322	90094
3323	90096
3324	90098
3325	90099
3326	90104
3327	90108
3328	90112
3329	90114
3330	90116
3331	90119
3332	9012012
3333	9012013
3334	9012211
3335	9012212
3336	9012213
3337	9012311
3338	9012411
3339	9012412
3340	9012413
3341	9012511
3342	9012512
3343	9012513
3344	9012514
3345	9012515
3346	9012912
3347	9012913
3348	9012914
3349	9012915
3350	9012916
3351	9013011
3352	9013012
3353	9013013
3354	90133
3355	90135
3356	90136
3357	90138
3358	9014111
3359	9014113
3360	9014115
3361	90143
3362	90145
3363	90146
3364	90147
3365	90148
3366	90149
3367	90151
3368	9015211
3369	90155
3370	90156
3371	90157
3372	90158
3373	90159
3374	9016011
3375	9016012
3376	9016013
3377	9016014
3378	9016111
3379	9016112
3380	9016113
3381	9016114
3382	9016211
3383	9016212
3384	9016214
3385	9016311
3386	9016312
3387	9016411
3388	9016412
3389	9016512
3390	90166
3391	90170
3392	90173
3393	90174
3394	9017511
3395	9017512
3396	9017513
3397	9017514
3398	9017712
3399	9017714
3400	9017811
3401	9017912
3402	9017913
3403	9018011
3404	9018012
3405	9018311
3406	9018313
3407	9018411
3408	9018412
3409	9018413
3410	9018511
3411	9018514
3412	9018612
3413	9019013
3414	90191
3415	90192
3416	90194
3417	9019511
3418	9019611
3419	9019612
3420	9019712
3421	9019811
3422	9019812
3423	9019913
3424	9020011
3425	9020012
3426	9020013
3427	9020014
3428	9020015
3429	9020111
3430	9020112
3431	9020113
3432	9020114
3433	9020214
3434	90204
3435	9020511
3436	9020513
3437	9020611
3438	9020613
3439	90208
3440	9020911
3441	9020912
3442	9020913
3443	9021011
3444	9021012
3445	9021013
3446	9021014
3447	9021111
3448	9021112
3449	9021212
3450	9021213
3451	9021411
3452	9021413
3453	9021414
3454	9021415
3455	9021417
3456	9021418
3457	9021419
3458	9021420
3459	9021421
3460	9021422
3461	9021423
3462	9021424
3463	9021426
3464	9021427
3465	9021428
3466	9021431
3467	9021434
