1681 1533 1476 1476 1918 1476 1958 -1 1533 1476 1245 1918 1918 -1 1681 1650 1681 1368 1650 1390 -1 1245 1484 1368 1390 1958 1918 1390 -1 1390 1681 1958 1533 1245 -1 1390 1476 1650 1368 1918 1681 1681 1476 -1 1368 1650 1476 1958 1681 1533 1533 1681 -1 1390 1390 1650 1245 1533 1368 -1 1958 1958 1958 1476 1476 -1 1245 1368 1390 1958 1484 1390 -1 1368 1958 1918 1650 1390 1958 1681 1390 -1 1533 1681 1476 1476 1681 1918 1368 -1 1368 1390 1368 1918 1368 1958 1650 -1 1650 1476 1476 1650 1390 -1 
1918 1368 1484 1650 1681 1484 1390 1918 -1 1650 1484 1681 1533 1918 -1 1484 1368 1958 1476 1533 1918 1390 1958 -1 1681 1533 1918 1245 1681 -1 1533 1245 1650 1650 1681 -1 1390 1958 1650 1368 1368 1958 1958 -1 1533 1533 1681 1390 1476 1476 1650 1476 -1 1390 1533 1918 1245 1958 -1 1368 1533 1476 1918 1484 1533 1245 1484 -1 1533 1484 1650 1476 1484 1245 1918 1368 -1 1958 1681 1958 1958 1918 1390 1958 -1 1368 1245 1245 1476 1533 1533 -1 1245 1390 1958 1650 1918 1918 -1 1533 1368 1476 1958 1476 1368 -1 1368 1245 1533 1390 1918 1681 1368 1533 -1 1918 1368 1476 1368 1958 1533 -1 1245 1650 1918 1650 1484 1650 1918 1533 -1 
1681 1533 1245 1958 1533 1476 1368 -1 1650 1533 1245 1958 1368 1390 1245 -1 1958 1484 1533 1918 1681 1958 1650 -1 1681 1650 1681 1245 1484 -1 1368 1484 1476 1650 1390 1390 1390 1368 -1 1681 1484 1484 1390 1245 -1 1533 1650 1245 1476 1681 1681 1958 1245 -1 1958 1681 1681 1245 1958 1681 -1 1476 1245 1484 1484 1245 -1 1650 1484 1484 1533 1368 1368 1476 -1 1650 1390 1368 1681 1958 1918 1958 -1 1476 1958 1918 1918 1681 1476 -1 1390 1918 1958 1918 1245 1245 1650 1245 -1 
1390 1245 1368 1958 1484 1918 1533 -1 1476 1533 1681 1476 1681 -1 1484 1918 1918 1681 1681 -1 1918 1476 1533 1245 1368 1484 -1 1245 1368 1368 1368 1390 1681 1681 1918 -1 1390 1368 1245 1650 1650 -1 1533 1476 1476 1918 1958 1368 1245 1476 -1 1245 1533 1390 1681 1650 1368 -1 1484 1650 1650 1390 1681 1533 -1 1681 1484 1245 1958 1484 -1 1958 1245 1958 1681 1650 -1 1390 1650 1476 1245 1918 1650 -1 1476 1368 1681 1390 1368 1390 1245 1245 -1 1368 1681 1390 1918 1958 1484 1476 -1 1245 1476 1681 1390 1650 -1 1476 1390 1484 1650 1368 1484 -1 
1368 1476 1918 1245 1918 1245 -1 1390 1533 1390 1650 1681 1484 -1 1650 1390 1650 1368 1958 -1 1533 1958 1390 1390 1681 1368 1958 -1 1390 1533 1650 1681 1650 1368 1484 -1 1484 1390 1958 1390 1245 1918 1650 -1 1245 1484 1958 1958 1533 1245 1681 1390 -1 1476 1681 1681 1958 1918 -1 1533 1245 1958 1390 1368 -1 1368 1650 1650 1484 1476 1245 1368 1245 -1 
1484 1245 1484 1681 1650 1368 -1 1476 1245 1533 1533 1245 1918 1484 -1 1958 1681 1476 1245 1958 1390 -1 1390 1681 1476 1245 1650 -1 1368 1390 1681 1958 1650 -1 1484 1390 1368 1368 1390 1650 -1 1245 1533 1533 1390 1390 1681 -1 1681 1484 1390 1681 1958 -1 1918 1918 1533 1533 1681 1918 -1 1958 1390 1368 1650 1368 1368 1918 1650 -1 1918 1390 1368 1918 1681 1958 1650 -1 1650 1245 1368 1484 1484 1958 1650 1245 -1 1368 1390 1918 1245 1484 1245 -1 1958 1390 1681 1484 1958 1390 -1 1918 1484 1484 1368 1533 -1 1958 1368 1245 1390 1484 1476 1476 1958 -1 1918 1533 1484 1650 1390 1368 1368 -1 1958 1918 1368 1650 1650 1245 -1 1533 1476 1958 1533 1650 1681 -1 1484 1958 1650 1476 1958 -1 
1918 1245 1484 1245 1245 -1 1918 1681 1245 1245 1368 1368 1533 1681 -1 1245 1245 1650 1368 1390 1390 -1 1476 1533 1484 1245 1368 -1 1390 1958 1368 1390 1650 1533 1681 1533 -1 1650 1958 1918 1245 1918 1650 -1 1245 1245 1368 1476 1650 1533 1681 -1 1484 1484 1476 1368 1958 1533 1650 1918 -1 1650 1533 1681 1484 1484 -1 1476 1918 1650 1681 1390 -1 
1650 1918 1368 1484 1484 1390 1476 -1 1650 1476 1650 1918 1368 1681 1650 -1 1245 1681 1245 1918 1368 1245 1650 -1 1650 1958 1484 1681 1245 -1 1476 1650 1533 1245 1958 1245 -1 1681 1476 1918 1918 1958 -1 1484 1681 1681 1484 1681 1245 -1 1484 1390 1958 1681 1958 1533 1484 1368 -1 1390 1918 1918 1368 1681 -1 1958 1958 1681 1650 1958 1650 1918 -1 1650 1245 1484 1368 1368 1368 1476 1958 -1 1476 1476 1918 1245 1476 1918 -1 1650 1245 1245 1681 1476 1368 1681 1650 -1 1650 1368 1368 1245 1245 -1 1484 1958 1390 1245 1918 1245 1650 -1 1245 1650 1484 1476 1681 1245 1681 -1 1918 1533 1484 1533 1476 1650 -1 
1681 1681 1650 1390 1650 1390 1681 1958 -1 1681 1245 1390 1533 1533 -1 1245 1918 1484 1958 1368 1476 1958 1368 -1 1368 1958 1681 1390 1958 1484 1681 -1 1390 1484 1650 1918 1476 -1 1650 1390 1918 1484 1681 1533 1650 -1 1918 1958 1368 1650 1918 -1 1533 1958 1476 1958 1958 1390 -1 1681 1533 1681 1533 1918 1245 1918 1681 -1 1245 1958 1918 1368 1918 -1 1368 1650 1533 1390 1533 1650 -1 1681 1533 1368 1681 1476 1245 -1 1390 1476 1918 1918 1368 1918 -1 1533 1368 1918 1533 1484 1650 1245 -1 1681 1918 1650 1918 1958 1918 1368 -1 1681 1681 1484 1484 1368 -1 1533 1681 1245 1368 1958 1390 1484 -1 
1681 1650 1390 1533 1533 1533 1918 -1 1918 1390 1476 1650 1958 1484 1484 1650 -1 1533 1958 1368 1476 1918 1484 -1 1958 1918 1476 1918 1476 -1 1476 1390 1368 1476 1958 1390 1681 -1 1484 1681 1681 1245 1368 1245 1918 -1 1681 1484 1245 1958 1390 1476 -1 1245 1958 1533 1368 1245 1368 -1 1484 1650 1681 1368 1484 1681 1245 -1 1918 1681 1390 1650 1484 1533 1476 -1 1533 1958 1368 1368 1681 -1 
1681 1245 1390 1533 1484 1245 1958 -1 1245 1958 1650 1650 1390 -1 1681 1390 1390 1681 1484 -1 1533 1650 1245 1533 1533 1476 1368 1918 -1 1390 1533 1484 1476 1484 1958 1650 -1 1681 1650 1368 1245 1533 -1 1368 1681 1958 1533 1533 1245 1245 1681 -1 1918 1681 1958 1533 1650 -1 1368 1390 1918 1476 1918 1533 1918 -1 1958 1533 1533 1368 1958 1918 1368 1390 -1 1368 1533 1368 1533 1918 1476 -1 
1650 1918 1390 1368 1533 1918 -1 1368 1650 1390 1533 1533 -1 1476 1958 1476 1650 1368 1476 -1 1533 1918 1484 1368 1245 -1 1533 1681 1368 1681 1958 -1 1681 1368 1390 1681 1484 1918 1484 -1 1650 1533 1650 1681 1918 1484 -1 1958 1484 1368 1245 1245 1918 -1 1533 1918 1476 1918 1390 1650 -1 1245 1484 1484 1650 1681 1476 -1 1918 1650 1390 1390 1390 1476 1533 -1 1484 1958 1681 1476 1484 1650 -1 1390 1245 1368 1650 1390 1245 -1 1681 1476 1245 1484 1918 1681 -1 1368 1681 1918 1681 1918 1533 1368 -1 1390 1390 1390 1918 1918 1533 -1 1681 1390 1476 1958 1958 1958 -1 1476 1390 1533 1476 1484 1918 -1 
1650 1476 1681 1918 1650 1484 1390 -1 1958 1533 1484 1650 1533 1368 1368 1650 -1 1533 1650 1533 1245 1245 1958 1650 -1 1650 1533 1650 1484 1368 1918 1476 1918 -1 1918 1484 1681 1245 1533 1681 1918 -1 1245 1484 1476 1681 1476 1681 1650 1650 -1 1681 1368 1368 1681 1368 1533 -1 1958 1958 1533 1368 1533 1650 -1 1390 1390 1484 1918 1918 1368 1390 -1 1484 1958 1681 1390 1681 1476 -1 1681 1390 1245 1390 1650 1484 -1 1368 1650 1390 1681 1958 1533 1368 1918 -1 1476 1484 1245 1390 1681 1368 1476 -1 1245 1681 1484 1245 1390 1650 1245 1245 -1 1390 1484 1533 1484 1650 -1 1484 1368 1484 1368 1958 -1 1390 1958 1245 1476 1245 1245 1918 -1 1476 1918 1368 1958 1484 -1 1533 1681 1681 1681 1533 1368 1958 -1 
1476 1368 1533 1476 1484 1650 1476 -1 1681 1918 1368 1390 1390 -1 1533 1476 1958 1484 1533 -1 1533 1918 1650 1918 1484 1650 -1 1390 1918 1533 1681 1681 -1 1533 1390 1368 1245 1958 1681 1650 1476 -1 1918 1476 1245 1245 1533 -1 1650 1476 1958 1681 1681 -1 1958 1390 1533 1533 1650 1245 1918 1484 -1 1390 1533 1681 1484 1476 -1 1390 1918 1390 1476 1484 1681 1245 1390 -1 
1650 1368 1650 1918 1368 -1 1681 1390 1368 1368 1245 1650 1368 -1 1390 1368 1245 1484 1390 1484 1390 1533 -1 1484 1650 1245 1484 1476 -1 1476 1368 1533 1650 1533 1245 1918 1476 -1 1368 1476 1390 1245 1681 1484 1918 1476 -1 1958 1390 1681 1958 1245 1681 1368 1245 -1 1650 1484 1958 1533 1650 1533 1476 -1 1390 1918 1390 1245 1958 -1 1368 1476 1650 1958 1390 1681 1368 1918 -1 1368 1390 1681 1484 1476 1368 -1 1368 1650 1681 1245 1368 1390 -1 1958 1484 1368 1958 1681 -1 1681 1918 1476 1918 1484 1533 1958 1918 -1 1918 1245 1958 1484 1533 1918 1476 1958 -1 1958 1958 1484 1958 1484 1681 1958 -1 
1650 1918 1650 1918 1918 1245 -1 1958 1918 1918 1918 1390 1484 1958 -1 1681 1650 1958 1533 1958 1476 1476 -1 1484 1390 1681 1245 1476 -1 1245 1390 1245 1245 1681 -1 1681 1918 1484 1476 1484 1368 1484 1390 -1 1681 1390 1476 1484 1650 1958 -1 1650 1390 1368 1650 1681 -1 1958 1650 1476 1390 1918 1681 1533 1484 -1 1681 1484 1368 1368 1958 -1 1958 1368 1650 1484 1681 1476 1958 -1 1681 1681 1390 1958 1368 1650 1476 -1 1681 1533 1958 1918 1245 -1 1484 1918 1484 1390 1918 1368 -1 
1918 1368 1918 1533 1484 -1 1245 1650 1368 1650 1476 1533 1476 1681 -1 1390 1681 1390 1533 1533 -1 1245 1484 1533 1245 1390 1390 1650 -1 1533 1533 1918 1533 1650 1681 1918 -1 1918 1245 1484 1368 1650 -1 1245 1958 1958 1476 1245 1918 -1 1476 1476 1681 1681 1918 -1 1476 1681 1484 1958 1650 1390 1368 -1 1650 1390 1390 1533 1368 -1 1368 1958 1681 1368 1650 1484 1390 -1 1533 1533 1681 1245 1681 1681 1484 -1 1368 1918 1476 1368 1390 1476 1476 1245 -1 1368 1681 1650 1918 1533 1918 -1 1476 1245 1650 1368 1368 1476 1681 -1 1681 1484 1368 1245 1533 1476 -1 1484 1918 1245 1390 1650 1368 1476 -1 1533 1245 1533 1681 1918 1484 1484 -1 
1650 1958 1681 1681 1958 1681 1484 1484 -1 1958 1681 1918 1533 1650 1484 -1 1533 1918 1681 1368 1650 -1 1368 1245 1958 1650 1484 1484 -1 1390 1476 1368 1476 1476 1245 1484 1245 -1 1533 1918 1533 1681 1484 1484 -1 1958 1958 1650 1245 1681 1390 1650 -1 1681 1390 1368 1533 1681 1484 1245 1918 -1 1476 1958 1958 1476 1484 -1 1918 1390 1368 1681 1958 1484 -1 1484 1958 1533 1245 1484 1958 1650 -1 1958 1245 1484 1533 1484 1650 -1 1476 1918 1368 1476 1650 -1 1533 1484 1918 1918 1918 -1 1368 1484 1681 1368 1476 1958 1245 1476 -1 1245 1368 1958 1245 1390 -1 1533 1681 1533 1650 1476 1681 1368 -1 1245 1476 1533 1245 1918 1390 -1 1958 1533 1958 1958 1390 1650 1245 1390 -1 1650 1533 1918 1245 1918 1681 -1 
1958 1476 1368 1476 1681 1476 1650 -1 1476 1390 1650 1958 1958 -1 1476 1958 1918 1476 1245 1958 1476 1476 -1 1368 1681 1245 1958 1958 1918 1245 1650 -1 1650 1918 1245 1958 1650 1918 1681 -1 1533 1958 1650 1368 1368 -1 1245 1245 1245 1918 1650 1918 1368 1681 -1 1681 1958 1650 1958 1484 -1 1368 1958 1368 1958 1476 1368 1484 1476 -1 1650 1650 1650 1918 1681 1958 1484 -1 1918 1918 1918 1390 1484 -1 1484 1918 1368 1245 1958 -1 1390 1245 1476 1650 1533 1533 -1 1476 1918 1245 1533 1958 -1 
1390 1484 1390 1650 1245 1368 -1 1368 1958 1245 1918 1484 -1 1958 1245 1650 1681 1650 1918 -1 1368 1958 1476 1650 1368 -1 1918 1484 1476 1533 1484 1476 -1 1533 1484 1390 1533 1476 1533 -1 1245 1476 1958 1390 1245 1533 1533 -1 1650 1484 1390 1368 1533 1533 -1 1390 1368 1958 1484 1484 1681 1650 -1 1958 1390 1533 1958 1245 1484 -1 
1650 1533 1484 1245 1650 1533 -1 1650 1533 1958 1245 1918 1484 1390 1650 -1 1681 1533 1918 1484 1650 1958 -1 1681 1368 1681 1650 1245 1390 1484 1533 -1 1650 1918 1650 1650 1245 1918 -1 1650 1390 1958 1681 1533 -1 1484 1918 1368 1390 1533 1390 1368 1650 -1 1650 1681 1484 1958 1681 1476 -1 1390 1484 1533 1958 1681 -1 1484 1650 1650 1245 1390 1368 -1 1476 1476 1958 1368 1533 1484 -1 1390 1650 1245 1958 1245 1650 1390 -1 1390 1681 1484 1681 1476 1681 1245 -1 1918 1650 1245 1484 1484 1958 -1 1533 1390 1245 1918 1390 1958 1390 -1 1650 1476 1476 1918 1918 1368 1918 -1 1533 1533 1533 1681 1533 1476 -1 1245 1245 1484 1958 1390 1484 -1 1368 1533 1245 1390 1681 1484 -1 
1681 1390 1958 1245 1958 1533 1476 -1 1476 1476 1533 1681 1484 1245 1484 -1 1245 1245 1368 1484 1368 1533 -1 1245 1650 1484 1484 1390 1484 -1 1958 1918 1245 1484 1368 1245 1650 -1 1476 1484 1958 1245 1476 1958 1918 -1 1245 1476 1650 1368 1650 -1 1681 1476 1484 1368 1533 1476 1681 1650 -1 1484 1476 1533 1390 1390 -1 1918 1390 1681 1476 1918 1958 1368 1650 -1 
1476 1681 1484 1484 1650 1958 1918 -1 1390 1368 1368 1533 1681 1484 1918 -1 1476 1958 1390 1918 1681 1533 1650 1681 -1 1484 1484 1368 1918 1368 1918 -1 1368 1390 1958 1476 1533 1918 1484 -1 1681 1390 1958 1681 1918 1368 1918 1681 -1 1681 1650 1390 1533 1650 -1 1390 1650 1368 1245 1484 1245 1368 1650 -1 1533 1484 1958 1918 1958 1681 1918 1681 -1 1476 1958 1533 1484 1484 1484 1650 1368 -1 1368 1476 1681 1681 1390 -1 1958 1484 1245 1245 1245 1484 -1 1476 1245 1368 1650 1390 1958 1958 1368 -1 1245 1390 1650 1958 1368 1390 -1 1368 1245 1918 1476 1245 1390 1650 1650 -1 1918 1390 1245 1681 1390 1681 -1 
1918 1368 1476 1918 1918 1476 1650 -1 1368 1533 1368 1918 1245 1484 1650 1245 -1 1476 1681 1390 1958 1650 1918 1533 1484 -1 1390 1958 1390 1476 1476 1533 1533 1390 -1 1368 1245 1368 1681 1484 1484 1476 1681 -1 1958 1650 1958 1390 1390 1484 -1 1390 1476 1368 1476 1533 -1 1368 1245 1390 1958 1390 1533 -1 1245 1533 1650 1650 1650 -1 1918 1390 1390 1484 1484 1476 1476 1245 -1 1390 1918 1476 1918 1390 1958 1245 1368 -1 1958 1476 1390 1918 1918 1918 1958 -1 1476 1484 1484 1476 1484 1958 1533 -1 
1484 1245 1245 1245 1476 1681 1681 -1 1390 1918 1533 1484 1958 1476 1476 -1 1368 1484 1368 1958 1681 1681 1958 -1 1390 1533 1650 1958 1650 1650 1650 -1 1368 1681 1533 1533 1390 -1 1533 1476 1368 1918 1958 1484 1476 -1 1650 1245 1245 1390 1368 -1 1958 1958 1390 1533 1918 1650 -1 1245 1476 1245 1390 1533 1533 1484 -1 1476 1476 1533 1245 1681 -1 1533 1476 1958 1918 1681 1245 1533 1681 -1 1681 1368 1533 1484 1476 -1 1958 1484 1390 1245 1681 1533 1368 -1 1368 1958 1681 1484 1390 1245 -1 1650 1368 1533 1476 1650 1958 1650 -1 1958 1368 1650 1650 1958 1245 1484 1476 -1 1368 1245 1918 1533 1368 -1 
1650 1533 1681 1650 1650 1918 1958 1245 -1 1476 1533 1918 1533 1533 1533 -1 1484 1484 1390 1476 1533 -1 1650 1533 1484 1681 1918 1533 -1 1650 1476 1476 1245 1533 -1 1533 1476 1533 1245 1533 1650 1368 -1 1368 1484 1681 1390 1958 1918 -1 1958 1533 1368 1390 1476 1681 1390 -1 1650 1390 1368 1368 1958 -1 1918 1245 1476 1476 1390 -1 1476 1681 1245 1958 1476 1958 1245 1484 -1 1533 1368 1918 1484 1918 -1 1390 1245 1958 1958 1918 1958 1650 1650 -1 1390 1476 1958 1476 1245 -1 1681 1368 1484 1533 1476 1918 1650 -1 1650 1650 1476 1476 1368 1390 1681 -1 1484 1533 1681 1476 1368 1650 1681 1368 -1 1650 1484 1390 1918 1918 1681 1681 -1 
1476 1245 1368 1918 1245 -1 1476 1533 1958 1958 1650 1681 1476 -1 1390 1390 1390 1245 1918 -1 1368 1390 1958 1245 1476 1484 -1 1918 1368 1533 1650 1918 1918 -1 1484 1245 1533 1958 1533 1484 -1 1390 1245 1918 1681 1368 1390 1650 -1 1390 1958 1681 1484 1681 1390 1484 -1 1476 1650 1681 1958 1390 1484 1368 1368 -1 1476 1484 1390 1533 1476 1476 1390 -1 1390 1484 1245 1368 1958 -1 1918 1476 1958 1681 1245 -1 1368 1918 1533 1245 1958 1650 1650 1681 -1 
1484 1918 1650 1484 1918 1681 -1 1245 1245 1476 1484 1476 1476 1918 -1 1476 1390 1484 1245 1650 -1 1390 1368 1958 1245 1390 1681 1484 -1 1958 1368 1245 1681 1484 1390 -1 1958 1533 1390 1368 1681 -1 1368 1958 1368 1918 1476 1533 1368 -1 1918 1368 1476 1918 1533 1681 -1 1681 1390 1476 1650 1681 -1 1958 1484 1958 1958 1245 1958 1958 1476 -1 1533 1484 1245 1245 1958 1533 1484 1245 -1 1958 1958 1918 1245 1484 1918 -1 1245 1533 1918 1650 1533 1918 -1 1245 1484 1245 1650 1918 1476 -1 1958 1476 1918 1245 1918 1650 -1 1918 1533 1650 1484 1245 -1 1958 1958 1476 1533 1390 1245 -1 1245 1484 1484 1650 1484 1476 -1 1681 1476 1484 1476 1958 -1 
1390 1918 1390 1533 1533 1918 1918 1368 -1 1476 1390 1245 1533 1484 1368 1476 1476 -1 1484 1650 1650 1918 1484 1484 1484 -1 1368 1533 1918 1650 1533 1245 -1 1484 1245 1533 1650 1368 1958 1245 -1 1918 1390 1245 1368 1484 1368 -1 1918 1390 1533 1484 1390 1390 -1 1533 1476 1681 1476 1681 1476 -1 1245 1958 1476 1368 1681 1650 1958 -1 1958 1484 1918 1958 1681 1476 1533 -1 1484 1918 1368 1918 1245 1245 1918 -1 1958 1484 1958 1484 1958 1681 1918 -1 1958 1368 1681 1533 1484 1368 1368 -1 1681 1681 1245 1368 1484 1681 -1 1918 1650 1533 1918 1681 -1 1245 1390 1368 1390 1245 1484 1484 -1 1476 1533 1533 1533 1390 1476 1476 1484 -1 1245 1476 1245 1368 1650 1958 1650 -1 1484 1368 1390 1533 1476 1245 1681 -1 
1918 1650 1958 1476 1958 1245 -1 1368 1918 1476 1368 1650 1918 1390 -1 1958 1245 1681 1476 1650 1368 1476 -1 1484 1484 1681 1533 1476 1650 1650 -1 1650 1533 1533 1533 1390 1484 1918 1484 -1 1368 1958 1245 1484 1476 -1 1476 1681 1918 1918 1958 -1 1476 1390 1476 1368 1245 1476 1476 1681 -1 1368 1368 1918 1390 1918 1681 1681 -1 1958 1484 1958 1681 1476 -1 1958 1650 1918 1958 1958 1650 -1 1476 1476 1476 1484 1918 1650 1484 1390 -1 1681 1245 1476 1484 1390 1476 -1 1390 1245 1533 1918 1245 -1 1368 1533 1958 1368 1533 1958 1368 1476 -1 1958 1681 1533 1918 1484 1484 1390 1918 -1 1245 1245 1390 1650 1368 1533 1390 -1 1918 1484 1484 1681 1368 1533 -1 
1484 1245 1484 1484 1368 1245 -1 1476 1484 1368 1533 1650 1245 1368 1958 -1 1245 1390 1918 1368 1918 1958 1484 -1 1368 1368 1390 1918 1245 1368 1958 1958 -1 1650 1650 1650 1918 1390 1650 -1 1681 1650 1484 1958 1484 1390 1958 1681 -1 1533 1476 1476 1918 1958 -1 1918 1476 1476 1681 1368 1368 1650 1245 -1 1390 1390 1390 1476 1681 1650 -1 1476 1390 1390 1533 1533 1484 1533 1681 -1 1533 1650 1650 1476 1484 1245 1245 1918 -1 1533 1681 1681 1681 1918 1650 1681 -1 1484 1681 1533 1650 1484 1918 1650 -1 1476 1484 1650 1650 1476 1484 -1 1476 1958 1650 1533 1958 1681 1484 -1 1533 1245 1533 1368 1958 1390 1245 -1 
1533 1390 1533 1245 1484 1650 -1 1390 1533 1245 1368 1390 1918 -1 1245 1245 1390 1245 1918 1918 1484 -1 1245 1484 1390 1650 1390 1650 1918 -1 1484 1245 1245 1918 1650 1390 1650 1245 -1 1650 1918 1650 1918 1650 -1 1476 1650 1476 1245 1918 -1 1368 1484 1681 1245 1484 1681 1533 1368 -1 1681 1245 1918 1681 1958 1476 1681 1484 -1 1484 1390 1245 1390 1476 1650 -1 1681 1918 1390 1650 1390 -1 
1484 1390 1958 1918 1958 1245 1918 1390 -1 1533 1958 1681 1476 1484 1484 -1 1650 1484 1368 1476 1958 1958 -1 1681 1681 1390 1390 1484 1918 -1 1533 1918 1533 1476 1476 1476 1245 1650 -1 1390 1681 1958 1476 1390 1918 1918 1918 -1 1484 1484 1245 1245 1484 1476 1245 -1 1918 1958 1390 1650 1681 1368 -1 1390 1533 1245 1390 1476 1368 1650 -1 1650 1390 1368 1681 1476 -1 1484 1681 1681 1390 1681 1368 1918 -1 1958 1918 1533 1368 1958 1958 -1 1681 1958 1484 1650 1533 1533 1650 -1 1368 1368 1476 1390 1918 1484 -1 1390 1918 1650 1958 1918 1918 1245 -1 1368 1390 1533 1918 1958 -1 
1650 1484 1650 1245 1650 1958 1368 1245 -1 1245 1245 1484 1390 1368 -1 1484 1958 1681 1918 1245 1918 1958 -1 1958 1368 1650 1533 1533 1390 1476 1476 -1 1476 1484 1533 1650 1390 1368 1476 1476 -1 1533 1650 1484 1484 1245 -1 1390 1958 1484 1368 1918 -1 1368 1958 1533 1484 1476 1958 -1 1650 1484 1368 1245 1918 1681 -1 1368 1958 1245 1918 1533 1958 1681 1390 -1 1476 1476 1484 1918 1245 1681 1484 -1 1918 1533 1533 1245 1484 1390 1484 -1 1958 1245 1476 1390 1245 1476 -1 1918 1918 1918 1958 1958 -1 1650 1958 1650 1484 1681 1368 1650 -1 1958 1681 1390 1650 1390 1476 1476 1958 -1 
1245 1245 1918 1681 1533 1484 1245 1918 -1 1533 1533 1958 1533 1918 1476 -1 1650 1484 1245 1533 1681 -1 1484 1958 1390 1918 1390 1368 -1 1918 1484 1476 1368 1918 1533 1245 -1 1681 1681 1650 1681 1958 1650 1368 -1 1484 1958 1918 1484 1918 1245 1958 -1 1650 1681 1476 1476 1368 -1 1650 1368 1476 1918 1958 1390 -1 1484 1245 1650 1681 1918 -1 1484 1650 1918 1390 1533 1958 -1 1650 1533 1476 1958 1650 -1 
1390 1918 1533 1245 1650 1681 -1 1390 1484 1918 1650 1958 -1 1533 1484 1650 1681 1476 1650 1484 1484 -1 1368 1245 1484 1681 1245 1650 -1 1390 1476 1484 1650 1918 -1 1476 1476 1958 1390 1681 1368 1368 -1 1390 1390 1918 1368 1476 -1 1484 1368 1368 1918 1918 1533 1476 -1 1484 1245 1918 1533 1958 1245 1245 1958 -1 1245 1484 1650 1650 1681 1533 -1 1918 1368 1484 1918 1918 1681 1681 -1 1245 1533 1390 1958 1650 1484 1681 1368 -1 1533 1484 1484 1245 1245 1681 1484 -1 1918 1476 1390 1484 1918 1368 1918 -1 1368 1958 1484 1368 1681 1476 1958 1245 -1 1958 1476 1533 1681 1390 1484 -1 
1918 1390 1484 1390 1390 1368 -1 1918 1484 1650 1476 1681 1390 1476 -1 1245 1681 1390 1650 1476 1245 1476 -1 1650 1368 1533 1533 1245 -1 1958 1368 1368 1390 1390 1650 1650 1533 -1 1918 1958 1918 1681 1390 -1 1390 1958 1245 1533 1390 1484 1368 1650 -1 1650 1484 1918 1368 1245 1681 -1 1650 1390 1681 1533 1533 1650 -1 1484 1476 1245 1533 1958 -1 1533 1390 1368 1918 1958 1681 1681 -1 1476 1390 1368 1650 1918 1533 -1 1368 1650 1958 1390 1390 -1 1476 1650 1245 1245 1368 1245 1484 -1 1650 1918 1681 1958 1958 1533 1390 -1 1476 1245 1958 1476 1650 1533 1390 1650 -1 1918 1368 1245 1368 1245 1484 1650 -1 
1390 1918 1368 1650 1368 -1 1390 1390 1533 1958 1390 -1 1681 1245 1650 1918 1245 -1 1650 1533 1681 1650 1650 1390 1368 -1 1650 1650 1245 1650 1533 -1 1918 1958 1390 1390 1390 -1 1533 1533 1245 1650 1484 1476 -1 1368 1476 1918 1476 1390 1918 1918 1918 -1 1476 1533 1533 1533 1918 1368 -1 1681 1476 1918 1533 1484 1533 -1 
1484 1390 1245 1390 1918 -1 1918 1476 1650 1484 1918 1368 1533 -1 1533 1918 1533 1390 1681 -1 1476 1245 1245 1650 1533 1476 -1 1484 1390 1918 1476 1650 1958 -1 1368 1368 1476 1958 1390 1476 1390 -1 1650 1681 1368 1245 1650 1390 -1 1245 1958 1368 1368 1368 1476 1484 -1 1476 1390 1533 1533 1245 1245 1476 -1 1368 1368 1245 1484 1681 -1 1681 1650 1533 1476 1245 -1 
1484 1958 1681 1958 1958 1390 1958 -1 1390 1918 1650 1390 1484 1368 -1 1681 1958 1681 1958 1918 1476 1918 -1 1533 1918 1918 1484 1245 1918 1476 -1 1958 1958 1533 1650 1484 1484 1390 1476 -1 1484 1245 1918 1476 1958 1390 1958 1533 -1 1533 1368 1484 1533 1958 1681 -1 1918 1476 1390 1476 1681 1533 -1 1533 1918 1368 1918 1958 -1 1958 1650 1245 1390 1368 -1 1650 1484 1958 1390 1533 1245 1245 1918 -1 1390 1245 1390 1918 1476 1476 1650 1390 -1 1476 1650 1918 1368 1918 1650 1476 -1 
1390 1368 1918 1650 1368 1476 1368 1533 -1 1958 1533 1484 1650 1533 1958 1245 1918 -1 1958 1245 1681 1368 1368 -1 1368 1958 1681 1681 1681 1533 1245 -1 1368 1390 1390 1476 1533 1245 1245 -1 1484 1484 1390 1681 1390 1245 1681 -1 1650 1958 1390 1245 1368 -1 1390 1245 1484 1533 1484 1681 1484 -1 1958 1390 1533 1650 1918 -1 1650 1533 1476 1245 1476 1245 1476 -1 
1650 1476 1650 1650 1368 1390 1958 -1 1245 1650 1368 1390 1681 -1 1484 1533 1368 1368 1918 1390 1245 -1 1368 1681 1476 1368 1958 1368 -1 1390 1484 1533 1958 1484 1650 -1 1681 1650 1958 1245 1390 1533 -1 1533 1533 1476 1484 1245 -1 1390 1390 1390 1918 1484 1681 -1 1650 1681 1681 1368 1681 1681 -1 1958 1484 1484 1533 1958 1650 1533 1368 -1 
1484 1245 1533 1918 1918 -1 1368 1681 1390 1650 1390 1533 1958 -1 1681 1368 1533 1476 1245 1681 1390 -1 1533 1368 1390 1368 1390 1681 1958 -1 1245 1533 1533 1958 1368 1958 1368 -1 1390 1390 1390 1650 1681 -1 1368 1476 1650 1484 1390 -1 1958 1533 1245 1368 1650 -1 1245 1368 1368 1681 1650 1476 -1 1484 1390 1958 1476 1650 1681 -1 1390 1390 1533 1958 1650 1484 1650 -1 1681 1650 1681 1650 1368 1650 1368 1476 -1 1390 1958 1681 1918 1484 1368 1390 -1 1650 1533 1390 1245 1681 1533 -1 1368 1533 1390 1681 1368 1245 1368 -1 1476 1681 1484 1368 1484 1484 1245 -1 1484 1918 1958 1958 1958 1918 -1 1533 1390 1390 1484 1390 -1 1368 1390 1681 1533 1476 1681 1368 1958 -1 1681 1484 1476 1368 1533 1484 -1 
1958 1484 1390 1958 1533 1681 1681 -1 1484 1476 1484 1958 1368 1484 1650 -1 1245 1533 1681 1918 1681 1650 1484 -1 1484 1390 1533 1681 1368 -1 1650 1476 1390 1390 1918 1918 1533 1245 -1 1390 1484 1681 1681 1650 -1 1958 1681 1368 1390 1958 -1 1368 1918 1650 1245 1484 1476 -1 1533 1484 1533 1245 1681 -1 1958 1390 1681 1368 1245 1650 1650 -1 1958 1390 1484 1390 1368 1650 -1 1368 1681 1245 1650 1958 1650 -1 1368 1484 1650 1918 1650 -1 1476 1245 1484 1368 1368 1368 -1 
1918 1533 1245 1476 1368 1476 1245 -1 1390 1918 1650 1390 1650 1368 1958 -1 1476 1390 1368 1681 1918 1533 1476 -1 1918 1958 1368 1390 1650 1390 -1 1368 1368 1390 1533 1245 -1 1533 1650 1533 1681 1368 -1 1390 1958 1681 1681 1245 1958 -1 1650 1368 1245 1958 1484 1368 1368 -1 1390 1390 1368 1390 1681 1681 1390 1533 -1 1368 1476 1368 1681 1390 1681 -1 1918 1958 1533 1484 1918 1650 -1 
1368 1918 1918 1368 1484 -1 1245 1533 1390 1681 1650 1368 1681 1390 -1 1918 1390 1476 1958 1958 1650 -1 1484 1533 1476 1533 1476 1368 1533 -1 1476 1533 1681 1918 1368 1958 1918 -1 1958 1533 1368 1484 1390 1533 1681 1650 -1 1533 1918 1484 1476 1484 1245 -1 1650 1476 1484 1245 1390 1650 1681 -1 1918 1484 1958 1681 1245 1958 1484 -1 1533 1533 1958 1484 1650 -1 1533 1650 1533 1368 1476 1484 1390 -1 1918 1245 1681 1681 1681 -1 1484 1533 1476 1476 1650 -1 
1958 1958 1533 1681 1245 1476 1484 -1 1958 1245 1368 1476 1476 1245 1681 -1 1484 1918 1918 1245 1681 1245 -1 1650 1390 1681 1476 1533 1533 -1 1958 1958 1918 1484 1533 -1 1650 1918 1368 1533 1390 1681 1484 -1 1533 1484 1958 1476 1368 1390 -1 1650 1476 1681 1368 1484 1245 -1 1918 1681 1476 1390 1918 1484 -1 1368 1681 1958 1484 1958 1390 -1 1681 1484 1484 1368 1650 -1 1533 1368 1245 1533 1918 -1 1533 1476 1650 1484 1484 1476 -1 1958 1245 1484 1484 1368 1368 1533 -1 1368 1533 1681 1533 1650 -1 1390 1650 1245 1918 1681 1245 1918 1390 -1 1368 1245 1918 1390 1368 1476 -1 
1918 1484 1958 1476 1368 1476 1533 -1 1245 1918 1476 1368 1476 1484 1681 1533 -1 1484 1650 1484 1368 1533 1390 -1 1918 1918 1533 1245 1390 -1 1650 1390 1958 1245 1484 -1 1484 1681 1368 1533 1484 -1 1476 1533 1681 1484 1390 -1 1918 1476 1958 1245 1650 1390 1533 -1 1390 1650 1368 1918 1918 1368 -1 1918 1650 1368 1958 1681 -1 1390 1650 1681 1368 1650 1368 1681 -1 1484 1650 1476 1484 1245 1918 1681 -1 1958 1650 1533 1484 1681 -1 1484 1484 1958 1476 1245 1533 1368 -1 1918 1368 1533 1245 1368 -1 1918 1533 1368 1390 1650 -1 1918 1484 1476 1958 1390 1368 1681 -1 1958 1681 1650 1918 1368 -1 1681 1918 1390 1681 1245 -1 1533 1245 1476 1484 1390 -1 
1245 1476 1918 1533 1484 1650 1368 -1 1681 1681 1918 1390 1368 -1 1533 1918 1681 1245 1390 1681 1484 1368 -1 1390 1476 1476 1245 1484 1650 1958 1650 -1 1650 1390 1681 1533 1533 1476 1476 -1 1390 1476 1650 1368 1245 1681 1476 -1 1476 1390 1958 1484 1484 1918 -1 1958 1918 1918 1533 1476 1390 1390 -1 1533 1245 1484 1533 1681 1390 -1 1245 1484 1245 1958 1650 1390 1650 1533 -1 1476 1681 1245 1533 1958 1650 -1 1390 1958 1681 1245 1368 1681 -1 
1245 1484 1390 1368 1958 1650 1918 -1 1368 1390 1958 1958 1245 1958 -1 1484 1476 1533 1650 1958 1533 1650 -1 1681 1918 1484 1476 1476 -1 1681 1368 1533 1476 1368 -1 1918 1484 1484 1368 1681 1368 -1 1245 1368 1484 1245 1533 1368 -1 1533 1533 1533 1533 1484 1368 -1 1650 1245 1390 1368 1958 1533 1390 -1 1476 1681 1484 1650 1958 -1 1390 1245 1245 1390 1484 1484 1650 -1 1390 1958 1650 1650 1681 1681 1245 1245 -1 1368 1958 1476 1681 1681 -1 1484 1390 1476 1245 1476 -1 1476 1533 1245 1958 1476 1681 1681 -1 1484 1533 1650 1245 1958 1958 1476 1918 -1 
1476 1476 1390 1245 1681 -1 1650 1533 1390 1681 1484 1533 1918 1390 -1 1918 1918 1918 1245 1245 1476 1958 -1 1533 1533 1958 1484 1958 1918 1390 -1 1533 1650 1918 1650 1681 -1 1245 1650 1681 1681 1390 1650 -1 1650 1958 1533 1484 1484 1681 1484 -1 1650 1958 1476 1484 1476 -1 1368 1245 1245 1368 1245 -1 1958 1245 1476 1533 1681 -1 1245 1958 1918 1958 1533 -1 1533 1368 1650 1245 1958 -1 1476 1681 1368 1533 1476 -1 1476 1958 1958 1918 1681 1533 1918 -1 1484 1484 1476 1368 1533 1476 1245 1368 -1 1476 1958 1918 1476 1533 -1 
1681 1368 1484 1484 1390 1245 1918 1958 -1 1650 1368 1368 1476 1533 1958 1533 1368 -1 1484 1918 1958 1390 1650 1245 1245 1368 -1 1650 1533 1368 1650 1681 1476 1533 -1 1484 1681 1368 1958 1390 1918 1650 -1 1918 1958 1650 1476 1533 1681 -1 1245 1533 1533 1958 1650 -1 1476 1476 1958 1533 1918 1650 -1 1650 1681 1368 1245 1681 1650 1245 1650 -1 1533 1245 1390 1390 1681 1958 1484 -1 
1958 1245 1533 1650 1390 1533 1533 -1 1918 1390 1533 1681 1918 -1 1918 1650 1958 1368 1681 1681 -1 1681 1484 1958 1390 1650 1650 1650 -1 1476 1533 1390 1958 1681 1476 1476 -1 1533 1245 1390 1368 1390 1390 1484 -1 1476 1918 1476 1650 1918 1390 -1 1958 1533 1533 1958 1245 1476 1368 1681 -1 1484 1476 1650 1650 1368 1533 -1 1368 1390 1245 1484 1681 1681 1390 1650 -1 1650 1476 1918 1681 1245 1476 1533 1245 -1 1958 1245 1918 1476 1390 1368 -1 1390 1484 1484 1368 1958 -1 1681 1918 1476 1681 1476 1390 1245 1390 -1 
1245 1245 1918 1368 1918 -1 1390 1533 1533 1681 1368 1245 1368 1533 -1 1533 1390 1390 1681 1245 1918 -1 1533 1476 1390 1958 1533 1484 -1 1918 1390 1918 1958 1484 -1 1958 1650 1390 1918 1918 -1 1958 1368 1484 1650 1390 1484 -1 1484 1533 1681 1484 1533 1533 1245 -1 1476 1245 1476 1245 1918 1650 1484 -1 1390 1390 1390 1245 1484 1245 1484 -1 1533 1681 1918 1681 1368 1681 -1 1533 1368 1650 1918 1958 1533 -1 1650 1681 1245 1484 1650 1681 1368 -1 1368 1918 1958 1484 1958 1681 1958 1650 -1 1390 1681 1918 1484 1484 -1 1484 1368 1650 1533 1390 -1 
1476 1476 1650 1533 1681 1484 -1 1650 1476 1390 1650 1245 1476 1368 1958 -1 1245 1390 1476 1368 1958 1368 -1 1533 1958 1484 1245 1390 1958 1476 -1 1368 1918 1918 1484 1476 1245 1918 -1 1918 1918 1476 1368 1918 1918 -1 1918 1245 1681 1368 1958 1958 1245 -1 1476 1476 1918 1650 1476 -1 1484 1958 1245 1484 1368 -1 1368 1484 1533 1533 1533 -1 1368 1650 1476 1390 1681 1650 1368 -1 1533 1390 1918 1533 1533 1245 1390 -1 1533 1484 1368 1484 1533 -1 1958 1958 1681 1368 1476 1918 -1 1681 1368 1368 1245 1918 1484 1245 1390 -1 1245 1476 1245 1681 1368 -1 
1390 1533 1484 1476 1650 1681 1390 -1 1245 1681 1484 1245 1958 -1 1958 1918 1533 1650 1476 1958 1650 1533 -1 1681 1533 1650 1533 1958 1918 1533 -1 1533 1245 1681 1368 1245 -1 1245 1650 1533 1958 1681 -1 1245 1918 1484 1476 1484 1958 1958 -1 1681 1390 1484 1245 1476 1484 1533 1476 -1 1368 1484 1484 1958 1484 1533 1650 -1 1484 1368 1368 1533 1681 1245 1958 1368 -1 1681 1681 1533 1918 1484 1476 -1 1484 1681 1484 1245 1390 1476 1368 -1 1681 1681 1368 1650 1681 1368 1533 -1 
1650 1681 1958 1681 1533 1245 1958 1476 -1 1476 1484 1476 1650 1484 -1 1476 1958 1245 1245 1390 1245 1681 1476 -1 1958 1958 1484 1958 1533 1390 1368 1681 -1 1484 1368 1958 1245 1918 -1 1390 1650 1476 1918 1533 1650 1681 -1 1918 1368 1476 1245 1368 1476 -1 1533 1681 1958 1650 1650 -1 1368 1476 1484 1476 1681 1958 -1 1484 1390 1533 1650 1484 1484 -1 
1918 1390 1390 1918 1533 1484 -1 1533 1390 1681 1245 1390 1390 1476 1681 -1 1681 1681 1650 1681 1918 1918 1918 -1 1958 1245 1368 1476 1245 1484 -1 1918 1918 1484 1681 1533 -1 1958 1958 1368 1650 1958 1476 1245 1390 -1 1533 1918 1484 1533 1390 -1 1368 1484 1484 1368 1390 1918 1918 1245 -1 1650 1918 1390 1476 1958 -1 1958 1390 1533 1368 1245 1368 -1 1484 1484 1533 1368 1650 1476 1918 -1 1650 1681 1484 1245 1368 1918 -1 1484 1533 1958 1958 1681 1390 1245 -1 
1390 1390 1958 1958 1390 -1 1533 1476 1484 1650 1681 -1 1484 1245 1368 1476 1245 1390 1650 1484 -1 1958 1958 1681 1484 1245 1245 1245 -1 1681 1533 1958 1390 1390 -1 1650 1681 1245 1681 1681 -1 1958 1918 1368 1390 1368 1484 -1 1390 1368 1650 1484 1476 1368 -1 1484 1650 1476 1958 1245 1245 1681 -1 1484 1918 1390 1958 1390 1533 1368 -1 1650 1681 1368 1368 1918 -1 1533 1958 1484 1368 1681 1245 1681 1958 -1 1476 1390 1476 1245 1681 1484 1918 -1 1245 1390 1681 1650 1245 -1 1918 1958 1476 1484 1390 1484 1533 -1 1681 1390 1650 1390 1918 1918 1681 1476 -1 1484 1476 1368 1390 1245 -1 1476 1368 1484 1484 1958 1476 1390 1368 -1 
1918 1476 1918 1958 1484 -1 1650 1484 1533 1533 1245 1958 -1 1918 1476 1650 1245 1476 1681 -1 1533 1245 1245 1245 1958 1918 -1 1245 1476 1681 1368 1484 1390 1918 1958 -1 1368 1390 1476 1650 1650 1650 1368 1681 -1 1958 1484 1484 1681 1368 1681 1533 1368 -1 1484 1681 1484 1368 1390 1681 1958 -1 1390 1368 1650 1681 1476 1390 -1 1650 1681 1681 1681 1484 1368 1533 1681 -1 1390 1650 1650 1368 1650 1681 -1 1390 1650 1533 1681 1650 1245 1484 -1 1650 1650 1390 1476 1681 1390 1484 1958 -1 1368 1476 1681 1390 1368 -1 1245 1390 1245 1368 1533 1533 1533 1958 -1 1390 1958 1390 1533 1476 1245 -1 1533 1650 1958 1390 1650 1681 1681 1681 -1 1958 1245 1484 1650 1245 1368 -1 
1484 1390 1533 1958 1918 1390 1476 1681 -1 1476 1245 1390 1390 1918 1533 1390 -1 1681 1484 1681 1958 1533 -1 1681 1476 1245 1245 1681 1245 1368 -1 1958 1650 1958 1368 1245 1476 -1 1245 1390 1368 1650 1484 -1 1245 1245 1533 1533 1484 1533 1681 1476 -1 1918 1484 1476 1681 1245 -1 1918 1390 1368 1476 1650 -1 1390 1681 1390 1390 1533 1484 -1 1958 1476 1681 1484 1245 1245 -1 1650 1533 1390 1368 1368 1368 1390 -1 1390 1245 1650 1918 1681 1476 1918 1368 -1 1245 1484 1368 1476 1681 1245 1958 1245 -1 1681 1245 1368 1958 1368 1650 1390 -1 1681 1650 1390 1650 1484 1681 1476 -1 1368 1390 1650 1484 1650 1476 1681 -1 1245 1918 1476 1958 1650 -1 1681 1958 1918 1245 1245 1390 -1 1681 1390 1650 1533 1390 1650 1368 1390 -1 
1958 1390 1476 1368 1650 -1 1533 1681 1245 1476 1650 1918 -1 1918 1918 1484 1958 1390 1650 1681 -1 1476 1484 1533 1245 1476 1650 1245 -1 1245 1650 1958 1533 1245 -1 1476 1390 1650 1476 1533 1245 1368 -1 1245 1484 1390 1533 1533 -1 1958 1681 1533 1650 1918 -1 1390 1245 1533 1681 1958 1245 1245 -1 1368 1368 1918 1476 1958 1650 -1 1390 1245 1918 1650 1533 1368 1476 1533 -1 1368 1476 1650 1918 1368 -1 1476 1476 1918 1650 1484 1681 1390 -1 1681 1681 1650 1650 1533 -1 1681 1484 1484 1958 1368 1476 -1 1681 1484 1476 1533 1476 1476 1484 -1 1681 1958 1484 1533 1245 1918 1681 -1 1245 1650 1650 1958 1484 1368 -1 1533 1484 1650 1390 1958 -1 1390 1476 1918 1368 1681 1484 1918 1958 -1 
1681 1245 1533 1681 1245 1484 -1 1484 1484 1368 1368 1476 1958 1390 -1 1681 1681 1918 1533 1390 -1 1918 1245 1681 1390 1918 1681 1484 -1 1390 1650 1484 1918 1484 -1 1476 1484 1484 1958 1368 1476 1533 -1 1650 1533 1533 1484 1368 -1 1390 1484 1681 1650 1368 1650 -1 1476 1368 1533 1390 1533 1918 -1 1681 1368 1681 1958 1650 1390 1484 1681 -1 1476 1681 1918 1533 1390 1681 -1 1918 1476 1368 1533 1918 1484 1533 1650 -1 
1390 1484 1368 1484 1681 -1 1484 1245 1390 1245 1390 1368 1681 -1 1245 1650 1918 1476 1650 1484 -1 1245 1390 1533 1533 1245 1533 -1 1390 1918 1390 1476 1390 -1 1958 1484 1484 1476 1390 -1 1681 1476 1650 1476 1533 1958 1390 -1 1681 1650 1245 1368 1533 1484 1533 -1 1245 1390 1484 1533 1958 1650 -1 1650 1650 1476 1476 1368 1484 1533 -1 1476 1681 1476 1918 1368 1681 1484 1245 -1 1681 1245 1368 1533 1533 1681 1533 1958 -1 1245 1476 1484 1681 1918 1390 -1 1476 1390 1918 1476 1681 1390 1918 1650 -1 
1650 1918 1958 1533 1484 1484 -1 1390 1681 1390 1650 1918 -1 1958 1484 1681 1476 1368 -1 1533 1958 1918 1681 1681 1918 1681 -1 1476 1245 1390 1390 1484 -1 1918 1476 1681 1476 1390 1476 -1 1484 1650 1533 1533 1650 -1 1476 1650 1958 1245 1958 1650 1650 -1 1681 1484 1245 1958 1245 -1 1390 1368 1681 1390 1958 1650 1918 -1 1650 1390 1918 1958 1918 -1 1958 1650 1390 1650 1650 -1 1533 1368 1476 1650 1650 1476 -1 
1533 1368 1390 1476 1484 1390 -1 1650 1650 1390 1918 1245 1681 1918 1958 -1 1533 1958 1958 1368 1681 1918 -1 1476 1650 1681 1368 1476 1245 -1 1918 1958 1245 1484 1650 1476 1958 1650 -1 1681 1476 1681 1533 1918 1245 1533 1390 -1 1918 1533 1681 1958 1245 1390 -1 1650 1918 1918 1958 1958 1918 -1 1390 1650 1918 1368 1681 1390 -1 1368 1533 1476 1484 1476 1650 1390 -1 1390 1918 1476 1390 1533 -1 1476 1958 1245 1958 1533 1245 1918 -1 1650 1533 1245 1476 1681 1650 1681 -1 1650 1918 1390 1918 1484 1958 -1 
1533 1476 1245 1245 1368 -1 1650 1484 1681 1476 1390 1476 1681 -1 1245 1918 1245 1245 1368 1245 -1 1681 1245 1958 1681 1476 1476 1918 -1 1650 1958 1368 1650 1918 1390 1681 -1 1681 1918 1958 1390 1681 -1 1476 1368 1681 1681 1533 -1 1484 1245 1681 1533 1476 1245 1368 -1 1918 1650 1918 1958 1476 -1 1533 1476 1245 1533 1484 1681 1681 1476 -1 1484 1650 1390 1484 1681 1918 1918 -1 1390 1476 1476 1476 1390 1958 1650 1476 -1 1958 1476 1368 1390 1681 1533 1650 1958 -1 1918 1484 1390 1681 1476 1368 1476 1390 -1 1958 1476 1484 1533 1368 -1 
1681 1918 1476 1390 1476 1958 -1 1484 1368 1681 1245 1681 1533 1484 1484 -1 1245 1368 1368 1484 1390 1533 -1 1681 1245 1476 1918 1958 1368 -1 1918 1958 1368 1650 1484 -1 1958 1681 1368 1918 1650 1918 1245 1368 -1 1484 1368 1390 1484 1681 1368 1368 1650 -1 1918 1918 1368 1533 1476 1484 1476 -1 1650 1476 1918 1245 1681 -1 1476 1650 1533 1681 1918 1918 -1 1390 1484 1390 1368 1484 -1 1484 1918 1368 1650 1368 -1 1476 1918 1918 1918 1245 1533 1484 1368 -1 
1245 1650 1918 1245 1650 -1 1650 1368 1390 1484 1484 -1 1484 1476 1390 1390 1533 -1 1958 1484 1368 1390 1484 1533 -1 1368 1918 1484 1681 1368 1245 1958 -1 1484 1650 1681 1533 1650 1484 1368 1245 -1 1650 1484 1533 1918 1390 1245 1650 -1 1681 1958 1918 1533 1533 -1 1918 1681 1484 1390 1650 1368 1650 1958 -1 1958 1476 1245 1390 1390 -1 1918 1245 1958 1650 1650 1368 1390 1368 -1 
1650 1390 1958 1650 1484 -1 1918 1918 1245 1245 1650 1245 1368 -1 1533 1390 1918 1533 1918 1484 1958 1681 -1 1245 1484 1390 1390 1650 1476 -1 1533 1650 1245 1368 1650 1681 -1 1245 1245 1476 1484 1368 1484 -1 1533 1958 1958 1390 1390 1476 1650 1390 -1 1368 1245 1650 1484 1245 1681 1390 -1 1245 1368 1918 1958 1958 1484 1368 -1 1918 1533 1484 1533 1958 -1 1245 1476 1650 1650 1958 1368 1390 -1 1918 1650 1476 1681 1368 1958 1390 1390 -1 1484 1958 1484 1918 1958 1650 -1 1476 1368 1533 1650 1918 1918 1533 1533 -1 1918 1918 1390 1484 1245 1533 -1 
1650 1681 1533 1484 1918 1245 -1 1918 1918 1368 1476 1245 -1 1533 1681 1390 1390 1681 1368 -1 1918 1681 1390 1245 1368 1918 -1 1245 1484 1476 1390 1368 1650 1681 -1 1368 1650 1368 1533 1484 1681 1533 1958 -1 1484 1681 1650 1245 1681 -1 1650 1484 1245 1958 1484 1390 1533 -1 1390 1390 1484 1681 1533 1918 1681 -1 1368 1390 1368 1958 1390 -1 1390 1918 1650 1533 1918 -1 1484 1918 1368 1245 1476 1958 -1 1245 1484 1245 1484 1533 1958 1958 1390 -1 
1533 1476 1650 1484 1245 1245 -1 1390 1533 1681 1958 1650 -1 1958 1958 1245 1681 1476 1484 -1 1650 1650 1533 1390 1958 -1 1958 1484 1245 1245 1533 1650 1390 -1 1484 1484 1476 1958 1958 -1 1958 1245 1958 1476 1368 1484 -1 1476 1484 1918 1958 1390 1681 1476 -1 1390 1476 1918 1368 1484 -1 1484 1390 1650 1681 1476 1918 1650 -1 1476 1484 1368 1245 1681 1368 1533 -1 1650 1476 1390 1484 1681 1484 1958 1918 -1 1245 1484 1390 1650 1918 1650 1368 1368 -1 1476 1681 1390 1681 1390 1484 1368 1484 -1 1476 1533 1681 1368 1476 1681 -1 1681 1918 1650 1390 1368 1368 1390 -1 
1650 1390 1245 1476 1390 1484 -1 1533 1476 1958 1390 1245 1958 -1 1958 1918 1681 1681 1390 1484 1958 1476 -1 1484 1245 1650 1958 1390 1368 -1 1476 1918 1245 1681 1681 -1 1245 1476 1368 1650 1650 1958 -1 1650 1390 1533 1650 1681 -1 1918 1368 1918 1533 1368 1533 1681 1390 -1 1650 1918 1533 1533 1918 1476 -1 1650 1476 1368 1390 1650 1245 1918 1533 -1 1533 1681 1681 1368 1650 -1 1368 1484 1681 1245 1958 1958 -1 1681 1245 1476 1484 1681 -1 1533 1650 1650 1476 1368 -1 1484 1681 1390 1650 1958 -1 1245 1390 1533 1958 1533 1918 1476 1390 -1 1390 1390 1476 1650 1245 1390 1476 -1 1390 1918 1681 1368 1390 1390 -1 1368 1650 1476 1681 1368 1533 1245 -1 
1390 1476 1533 1484 1245 -1 1390 1245 1476 1958 1476 1918 -1 1390 1484 1484 1368 1368 1390 1533 -1 1918 1918 1958 1390 1533 1368 1958 -1 1368 1245 1681 1484 1681 1958 1476 1681 -1 1245 1650 1484 1368 1368 1681 1484 1484 -1 1918 1650 1958 1918 1476 1958 1476 -1 1390 1390 1650 1390 1681 1476 1484 -1 1368 1245 1484 1681 1650 1650 1484 1245 -1 1533 1681 1958 1533 1368 1484 -1 1958 1476 1650 1390 1681 1918 1476 -1 1390 1958 1650 1958 1245 1533 -1 1245 1650 1681 1918 1650 1484 -1 1681 1476 1484 1390 1958 1390 -1 1681 1476 1390 1245 1245 1533 1245 1476 -1 1484 1476 1958 1533 1650 1958 1245 1918 -1 
1390 1681 1245 1476 1390 1245 1533 1484 -1 1533 1390 1958 1484 1245 1476 1390 1368 -1 1533 1681 1650 1484 1681 1918 1918 1368 -1 1533 1533 1390 1650 1958 1650 -1 1533 1533 1650 1390 1958 1476 1918 1958 -1 1533 1650 1918 1681 1918 -1 1368 1390 1650 1245 1390 1368 1533 -1 1368 1484 1245 1390 1368 1476 -1 1245 1368 1958 1650 1918 1533 -1 1390 1533 1533 1484 1390 1681 1918 -1 1533 1533 1390 1650 1476 1958 1476 -1 1476 1650 1484 1918 1681 -1 1368 1681 1918 1390 1476 -1 1476 1390 1476 1484 1368 1958 1681 -1 1533 1958 1918 1484 1918 1368 1958 1476 -1 1681 1958 1484 1476 1484 1245 1245 -1 1476 1368 1918 1390 1245 1484 1533 -1 1681 1245 1918 1484 1681 -1 
1476 1533 1484 1918 1476 1390 1650 -1 1476 1484 1681 1650 1533 1918 1533 1533 -1 1533 1958 1533 1484 1476 -1 1245 1533 1918 1681 1681 1958 1484 -1 1368 1958 1368 1650 1484 1650 -1 1476 1650 1476 1650 1476 -1 1368 1958 1245 1368 1918 -1 1650 1476 1390 1476 1390 1390 1533 -1 1650 1533 1245 1918 1650 -1 1390 1958 1533 1484 1958 -1 1533 1484 1533 1245 1245 1533 1533 1368 -1 1958 1650 1368 1681 1681 -1 
1650 1245 1958 1533 1245 1681 -1 1681 1918 1958 1918 1484 1958 1368 -1 1533 1918 1958 1650 1390 1368 -1 1681 1681 1368 1476 1650 1390 1533 1650 -1 1650 1533 1650 1476 1958 1476 1918 1476 -1 1245 1484 1958 1650 1245 -1 1533 1918 1390 1533 1918 1390 -1 1650 1476 1958 1918 1476 1368 1476 -1 1484 1533 1681 1245 1390 1245 1368 1484 -1 1476 1476 1681 1533 1484 1533 1245 -1 1476 1681 1681 1958 1484 1476 1958 1650 -1 1476 1484 1368 1650 1681 1245 1918 -1 
1476 1918 1390 1368 1245 -1 1368 1476 1390 1390 1958 1958 1958 1650 -1 1533 1484 1390 1958 1681 1484 -1 1390 1958 1484 1368 1245 1368 1245 1476 -1 1533 1476 1681 1918 1650 1650 1650 1368 -1 1958 1650 1918 1484 1650 -1 1681 1918 1918 1484 1390 1958 -1 1245 1245 1476 1484 1533 1368 1368 -1 1681 1918 1390 1476 1390 1245 -1 1918 1476 1918 1533 1368 1650 1533 1245 -1 1484 1484 1390 1958 1476 -1 1476 1476 1681 1390 1484 -1 1476 1681 1681 1484 1918 1390 1918 1681 -1 1484 1245 1484 1484 1650 -1 1681 1484 1484 1484 1533 1533 1245 -1 
1245 1918 1245 1918 1484 1484 1484 1484 -1 1958 1476 1533 1650 1918 1681 -1 1368 1918 1390 1368 1484 1958 1390 1918 -1 1681 1368 1918 1390 1245 1650 -1 1476 1533 1918 1245 1650 1918 1368 1681 -1 1918 1484 1245 1650 1390 -1 1390 1476 1958 1650 1368 1484 1681 -1 1681 1390 1533 1650 1476 -1 1390 1484 1681 1681 1681 1681 -1 1681 1958 1918 1650 1918 1368 1245 1918 -1 1368 1918 1476 1368 1476 -1 1918 1650 1368 1245 1650 1650 -1 1390 1390 1476 1484 1958 -1 1533 1533 1533 1245 1484 -1 
1484 1681 1484 1368 1681 1476 1476 -1 1390 1650 1484 1681 1390 -1 1650 1484 1390 1918 1958 -1 1368 1245 1245 1390 1476 -1 1918 1650 1368 1368 1390 -1 1650 1918 1533 1368 1476 1390 -1 1958 1368 1918 1650 1390 1958 1368 -1 1918 1245 1484 1533 1390 1484 1681 1245 -1 1390 1681 1533 1390 1533 1390 1245 -1 1918 1681 1484 1390 1918 1918 1958 1918 -1 
1484 1650 1650 1681 1390 -1 1958 1390 1533 1390 1958 1245 1533 -1 1533 1245 1390 1681 1368 -1 1476 1476 1958 1958 1650 1390 -1 1245 1533 1245 1245 1681 -1 1533 1476 1390 1918 1650 1484 1390 -1 1245 1918 1390 1390 1245 1681 -1 1650 1484 1484 1918 1533 1918 1476 1245 -1 1245 1533 1390 1368 1533 -1 1368 1484 1918 1650 1650 1958 1918 -1 1484 1368 1484 1958 1368 -1 1533 1476 1918 1918 1484 1650 1368 -1 1476 1958 1533 1958 1650 -1 1484 1650 1390 1368 1390 -1 1681 1476 1245 1533 1390 1245 1390 1918 -1 
1918 1958 1484 1390 1476 1918 1681 1390 -1 1958 1245 1958 1484 1533 1390 1533 1484 -1 1368 1918 1476 1533 1368 1484 1390 1476 -1 1390 1390 1390 1245 1918 1484 -1 1390 1476 1245 1533 1476 1918 -1 1533 1368 1958 1650 1533 1533 1390 -1 1681 1958 1681 1918 1650 1681 -1 1681 1245 1484 1245 1958 -1 1245 1958 1650 1681 1368 1368 1390 -1 1958 1368 1476 1484 1918 -1 1533 1918 1650 1390 1650 1476 -1 1390 1390 1476 1681 1484 1390 1484 -1 1681 1681 1390 1390 1476 1390 -1 1484 1958 1533 1918 1476 1368 -1 
1245 1390 1533 1650 1681 1650 -1 1681 1918 1958 1681 1958 1476 1958 1476 -1 1484 1918 1245 1390 1681 -1 1484 1681 1650 1245 1681 1245 1245 -1 1533 1245 1958 1533 1958 -1 1245 1958 1484 1958 1681 1390 -1 1484 1484 1390 1390 1368 1368 -1 1390 1958 1533 1533 1390 1484 1650 -1 1484 1390 1681 1918 1476 1476 -1 1390 1476 1918 1958 1390 1245 1958 -1 1650 1650 1368 1958 1533 1245 1918 1533 -1 1390 1476 1476 1681 1533 -1 1650 1245 1245 1484 1650 -1 1245 1958 1245 1681 1245 1918 -1 1681 1476 1245 1390 1245 1476 -1 1533 1476 1484 1681 1368 1650 -1 
1368 1650 1484 1958 1681 1390 -1 1533 1681 1681 1918 1533 -1 1368 1368 1476 1650 1533 -1 1484 1650 1918 1484 1476 1484 -1 1368 1484 1390 1958 1476 1484 1958 -1 1533 1533 1533 1918 1650 -1 1958 1681 1533 1368 1918 1650 -1 1245 1533 1245 1476 1650 -1 1368 1650 1368 1918 1245 1533 -1 1368 1476 1958 1918 1476 -1 1368 1476 1368 1533 1681 1476 1650 -1 1681 1484 1368 1533 1681 1390 -1 1245 1476 1650 1476 1476 1958 -1 1681 1245 1650 1918 1533 1650 1681 -1 1681 1681 1918 1245 1390 1958 1368 1681 -1 1533 1368 1533 1650 1650 1245 -1 1918 1650 1476 1484 1918 1681 1533 1918 -1 1918 1958 1958 1533 1390 1245 1681 1368 -1 1368 1245 1476 1484 1533 1650 -1 1368 1681 1390 1476 1958 -1 
1390 1918 1650 1368 1533 1533 1918 -1 1368 1533 1918 1650 1368 -1 1650 1958 1918 1484 1390 -1 1368 1368 1245 1245 1681 1533 1918 1918 -1 1533 1484 1650 1368 1681 1390 1533 1918 -1 1390 1958 1368 1390 1958 1681 1390 1681 -1 1918 1368 1918 1390 1476 1958 1650 -1 1476 1533 1650 1390 1958 1681 -1 1958 1476 1958 1390 1533 1484 1533 1245 -1 1476 1681 1368 1533 1650 1484 1476 -1 1533 1368 1681 1476 1533 1245 1650 1390 -1 1476 1533 1533 1918 1368 1368 1476 1390 -1 
1918 1533 1368 1368 1484 -1 1476 1390 1484 1484 1368 1484 1958 -1 1681 1245 1484 1650 1245 -1 1918 1918 1918 1533 1476 1484 1958 -1 1390 1918 1390 1681 1533 1368 1484 -1 1681 1390 1650 1484 1918 1476 1533 1650 -1 1958 1958 1484 1650 1681 1681 1390 -1 1958 1484 1390 1958 1476 1368 1484 1245 -1 1484 1918 1681 1958 1918 1650 -1 1390 1533 1958 1368 1681 1368 -1 1484 1476 1390 1650 1476 1958 1650 -1 1484 1368 1368 1958 1390 -1 
1533 1681 1918 1390 1958 1958 -1 1368 1245 1476 1681 1650 1484 1918 -1 1245 1918 1245 1484 1958 1484 1476 -1 1918 1650 1918 1390 1958 -1 1533 1245 1245 1958 1650 -1 1681 1650 1484 1390 1681 -1 1390 1476 1476 1533 1958 1476 -1 1245 1245 1368 1484 1958 -1 1390 1368 1958 1918 1245 1476 1650 -1 1484 1368 1650 1390 1681 1681 1484 -1 1390 1476 1368 1681 1368 1650 -1 1368 1476 1484 1681 1533 1245 1650 -1 1476 1958 1484 1368 1368 -1 1958 1958 1476 1650 1484 1958 1476 -1 1476 1958 1390 1245 1918 1533 -1 1368 1390 1533 1681 1484 -1 1533 1368 1681 1245 1533 -1 1533 1681 1245 1368 1918 1368 -1 
1681 1368 1918 1484 1681 1958 1390 1484 -1 1650 1958 1484 1484 1650 -1 1681 1390 1484 1245 1918 1476 1368 1484 -1 1918 1958 1650 1533 1245 1245 1958 -1 1918 1533 1650 1245 1390 1918 1650 -1 1245 1650 1368 1650 1533 -1 1681 1958 1533 1650 1650 1245 1484 1476 -1 1390 1476 1245 1681 1484 1484 -1 1476 1650 1958 1533 1681 1476 -1 1533 1245 1245 1390 1476 -1 1368 1958 1681 1484 1650 1650 1390 1368 -1 1245 1958 1958 1368 1245 1390 -1 1958 1484 1958 1533 1918 -1 1484 1918 1918 1245 1533 -1 1368 1650 1368 1650 1650 1958 1533 -1 1476 1390 1533 1390 1681 1245 1918 1484 -1 
1918 1368 1918 1533 1681 1390 -1 1681 1681 1533 1681 1476 1476 -1 1958 1390 1484 1918 1533 1918 1958 1476 -1 1958 1650 1918 1484 1681 1390 1958 1476 -1 1958 1245 1918 1681 1390 1650 1533 1918 -1 1958 1533 1368 1476 1958 1650 -1 1245 1245 1918 1918 1476 1533 -1 1484 1245 1650 1650 1918 1390 1533 1245 -1 1390 1245 1484 1390 1918 1484 1533 -1 1476 1484 1390 1681 1476 1533 -1 1918 1958 1368 1958 1918 1484 1476 -1 1245 1918 1533 1958 1484 -1 1681 1484 1368 1533 1681 1681 1368 1368 -1 
1484 1958 1918 1245 1390 1681 1533 -1 1533 1681 1390 1958 1368 -1 1918 1368 1958 1681 1390 1245 1650 1476 -1 1650 1533 1650 1476 1958 1681 1245 1484 -1 1245 1958 1476 1958 1484 -1 1533 1484 1484 1650 1245 1533 -1 1390 1368 1476 1958 1368 1245 -1 1368 1533 1650 1245 1245 1918 1650 -1 1918 1484 1681 1368 1918 -1 1918 1958 1533 1650 1650 1245 -1 1484 1533 1681 1484 1681 1918 1245 1918 -1 1681 1681 1476 1918 1368 -1 1958 1390 1533 1368 1533 1918 1681 -1 1533 1484 1368 1681 1958 1484 1958 1390 -1 1390 1918 1476 1368 1533 1918 1918 -1 1368 1368 1918 1390 1245 1918 -1 1245 1390 1533 1476 1390 1245 -1 1918 1958 1390 1958 1476 1533 1390 -1 1390 1484 1245 1650 1245 1918 1245 -1 
1368 1484 1681 1681 1368 1918 -1 1650 1476 1958 1390 1681 -1 1476 1368 1681 1958 1390 1484 1368 -1 1918 1918 1681 1368 1476 1484 -1 1245 1390 1681 1476 1390 1476 -1 1958 1650 1368 1245 1484 1650 1681 -1 1368 1390 1681 1958 1245 1245 -1 1368 1533 1484 1650 1476 1918 1650 -1 1484 1918 1476 1958 1958 1958 1533 1245 -1 1681 1368 1650 1476 1650 -1 1533 1484 1958 1476 1918 1533 1958 1650 -1 1650 1650 1476 1245 1484 1681 -1 1368 1368 1958 1681 1958 -1 1533 1476 1533 1533 1533 1245 -1 1958 1681 1484 1533 1476 1368 1958 -1 1484 1533 1650 1650 1368 1650 1533 1650 -1 
1681 1533 1245 1958 1484 1958 1390 1368 -1 1918 1958 1476 1918 1484 1650 1533 -1 1533 1390 1918 1245 1245 -1 1390 1533 1484 1245 1476 1650 1958 1368 -1 1484 1681 1245 1958 1681 1368 1245 1245 -1 1650 1484 1681 1681 1533 -1 1533 1484 1681 1681 1958 1918 1918 -1 1484 1484 1368 1650 1390 -1 1484 1484 1245 1918 1681 1390 1484 1368 -1 1650 1681 1390 1650 1484 1681 1476 1958 -1 1368 1958 1476 1368 1681 1533 1918 1958 -1 1958 1484 1245 1681 1245 -1 1650 1918 1958 1484 1476 -1 1390 1245 1390 1958 1245 1533 1681 1484 -1 1368 1368 1484 1368 1918 1245 1533 1368 -1 1245 1681 1368 1484 1476 1533 -1 
1368 1390 1484 1533 1368 1650 -1 1390 1918 1390 1533 1533 1958 1245 -1 1918 1650 1681 1390 1484 1484 1918 -1 1245 1533 1958 1918 1245 1681 -1 1476 1681 1245 1681 1918 -1 1681 1918 1681 1533 1484 1390 1484 -1 1476 1681 1390 1245 1476 1681 -1 1958 1245 1650 1533 1476 1484 1650 -1 1533 1476 1681 1476 1650 1958 1958 1918 -1 1390 1245 1476 1681 1476 -1 1650 1368 1918 1958 1918 1476 1533 1368 -1 
1484 1958 1958 1533 1533 1390 1958 -1 1390 1245 1245 1368 1533 1650 1368 -1 1476 1245 1650 1681 1484 1533 1650 1476 -1 1368 1958 1484 1958 1918 -1 1390 1918 1918 1368 1650 1476 1918 1245 -1 1958 1958 1533 1484 1390 1533 1650 1476 -1 1918 1918 1484 1958 1476 1390 1368 -1 1918 1533 1476 1368 1476 1484 1368 1390 -1 1245 1368 1918 1650 1390 1681 1681 1958 -1 1681 1476 1476 1650 1476 -1 1958 1958 1533 1476 1476 -1 1650 1533 1650 1650 1390 1368 1484 -1 1368 1368 1650 1390 1390 1390 1245 1368 -1 1390 1681 1368 1245 1681 1681 1958 -1 1681 1476 1484 1390 1958 1476 -1 
1650 1245 1390 1681 1368 1245 1245 -1 1681 1484 1958 1245 1650 -1 1918 1476 1368 1476 1650 1368 1681 1958 -1 1245 1245 1918 1476 1918 1533 -1 1958 1390 1533 1650 1533 -1 1958 1681 1390 1533 1245 1476 1476 -1 1650 1476 1533 1958 1476 -1 1484 1958 1390 1484 1918 1368 1390 -1 1245 1918 1390 1958 1390 1533 1918 -1 1533 1918 1958 1650 1918 1484 -1 1245 1533 1245 1368 1958 1484 -1 1476 1476 1918 1245 1368 -1 
1390 1681 1245 1390 1484 1650 1918 -1 1390 1958 1533 1650 1368 -1 1958 1958 1918 1681 1484 1918 1650 1958 -1 1476 1368 1533 1918 1245 1918 1918 -1 1958 1650 1533 1533 1368 -1 1533 1368 1918 1650 1918 -1 1368 1368 1245 1681 1390 1958 -1 1476 1476 1245 1476 1245 1958 -1 1484 1681 1484 1918 1484 1368 -1 1484 1681 1390 1476 1245 1681 1650 1533 -1 1918 1484 1681 1368 1958 1484 1390 -1 1650 1484 1368 1918 1245 1533 1368 1958 -1 1476 1484 1681 1681 1390 -1 1484 1918 1650 1958 1681 1390 -1 1681 1681 1368 1533 1958 -1 1476 1484 1681 1476 1533 1368 1918 1245 -1 1918 1484 1476 1650 1368 1918 1476 -1 1918 1484 1681 1650 1958 1958 -1 
1245 1650 1533 1368 1368 1918 1681 1484 -1 1650 1533 1476 1245 1958 -1 1368 1650 1484 1918 1650 1958 -1 1681 1484 1368 1484 1650 -1 1918 1533 1390 1484 1918 -1 1533 1476 1918 1245 1650 1958 -1 1681 1958 1368 1650 1476 -1 1533 1245 1484 1476 1681 1245 1245 -1 1368 1650 1368 1476 1390 1245 -1 1958 1245 1533 1368 1368 1368 1368 -1 1476 1958 1958 1484 1681 1918 1533 1390 -1 1918 1390 1681 1245 1368 1533 1650 1918 -1 1368 1650 1476 1390 1245 1368 1476 -1 1390 1681 1958 1650 1650 -1 1958 1918 1533 1390 1368 1533 -1 1681 1476 1958 1368 1476 1368 1476 -1 
1918 1918 1245 1390 1476 1390 -1 1533 1650 1650 1368 1484 1484 1390 -1 1918 1533 1681 1368 1390 1958 1958 1245 -1 1533 1476 1484 1390 1484 -1 1484 1245 1245 1245 1245 1681 1245 -1 1958 1681 1650 1390 1484 -1 1476 1390 1245 1918 1245 1681 -1 1368 1918 1681 1484 1650 1918 -1 1245 1476 1476 1681 1958 1484 1958 -1 1484 1681 1368 1484 1650 1958 1681 -1 1476 1245 1958 1390 1533 -1 1681 1484 1533 1484 1476 1368 1681 1476 -1 
1368 1681 1533 1368 1958 -1 1368 1681 1918 1533 1918 1484 1918 -1 1958 1390 1958 1484 1958 1681 1476 -1 1484 1958 1918 1390 1958 1476 1484 -1 1245 1245 1958 1476 1533 -1 1484 1533 1484 1918 1476 1958 1533 -1 1681 1484 1476 1650 1533 -1 1958 1681 1484 1958 1918 1958 -1 1484 1958 1476 1533 1245 -1 1533 1918 1918 1390 1484 1245 1650 -1 1681 1368 1533 1958 1533 1484 1533 1681 -1 1484 1918 1533 1484 1476 1390 1245 1681 -1 1681 1650 1476 1476 1484 1484 -1 1390 1245 1390 1650 1533 1958 1368 -1 1484 1484 1918 1958 1476 1681 1245 -1 
1533 1918 1650 1681 1681 1476 1681 -1 1958 1476 1484 1484 1476 -1 1245 1958 1918 1390 1650 1476 1650 1368 -1 1484 1368 1681 1245 1533 1368 -1 1476 1245 1390 1484 1533 1958 1958 1484 -1 1484 1390 1533 1918 1533 1390 1390 1681 -1 1918 1650 1681 1650 1476 -1 1484 1368 1476 1533 1484 1484 1245 1681 -1 1484 1368 1245 1681 1958 1390 1681 -1 1958 1484 1681 1958 1245 -1 1368 1650 1650 1368 1245 1650 -1 1368 1368 1390 1918 1476 1476 1958 -1 1245 1390 1918 1650 1958 1681 1245 -1 1245 1390 1533 1484 1245 1368 1390 -1 1533 1368 1533 1484 1533 1245 -1 1650 1958 1533 1245 1390 -1 1533 1681 1681 1245 1918 -1 
