4479	27.2
1293	59.2
1109	33.9
5304	37.7
820	58.9
9773	55.7
7593	22.5
6173	34.6
7416	73.0
6614	88.5
1302	55.3
1014	75.1
2039	95.1
9823	92.7
6496	38.3
7949	84.5
3283	13.2
4292	37.7
5716	42.4
4133	10.3
5069	35.7
8874	92.9
1472	53.2
7066	37.8
9263	93.0
1399	26.4
1005	92.9
5916	57.6
9324	66.2
9725	62.7
8182	91.6
3155	30.4
1660	0.3
3979	18.6
1461	18.3
1164	72.2
3346	3.3
3824	55.3
196	48.2
7426	10.8
8504	10.0
5506	13.6
2477	51.7
10081	39.7
577	61.7
4405	97.0
5298	19.4
1961	60.9
9378	61.2
9402	22.1
7351	15.1
1578	30.6
2702	57.7
3267	21.6
9741	82.0
5029	46.1
9529	6.0
4530	18.9
2672	8.6
6378	47.7
6728	99.3
2895	17.5
1842	77.3
7390	24.6
7144	22.8
3147	29.7
6899	54.8
3405	32.8
3507	97.2
4247	18.1
8106	94.2
4267	52.1
9769	37.0
4781	52.9
5207	10.6
76	68.0
1092	40.2
8594	31.7
5317	91.0
509	50.7
9679	74.0
2717	92.6
3875	69.7
5318	86.3
1530	37.3
3529	24.1
8195	8.7
5669	50.9
5095	75.3
2014	22.1
8337	95.5
1575	52.6
882	46.0
587	94.4
2713	19.7
91	69.3
7076	25.6
2198	42.4
506	60.2
7970	41.0
8492	63.6
6998	7.2
4313	32.2
2718	71.1
3541	51.0
8144	51.6
3776	78.2
4445	63.1
9561	96.1
5721	72.7
3322	61.3
8988	27.2
7200	32.6
8778	52.5
6912	3.2
4791	74.9
6002	49.6
1034	22.5
8259	3.8
7835	94.8
8280	38.7
3435	85.3
802	60.8
1949	2.4
3706	31.8
1429	49.8
1813	21.0
1037	15.2
579	27.2
10002	59.3
7969	12.9
8904	2.2
8552	9.3
85	53.4
1402	77.9
6572	26.8
3274	18.0
3726	34.8
1656	38.7
5961	94.4
6976	69.9
7527	95.1
8338	32.4
6949	11.8
4843	87.5
2757	11.9
4785	50.1
8695	2.4
2821	90.1
3394	3.7
4145	3.6
974	8.4
1674	94.4
8653	12.6
1139	70.3
8490	39.8
6376	74.6
304	21.8
7751	63.0
1599	44.3
8723	23.1
4885	76.9
7328	38.8
1939	34.2
2769	27.6
7780	90.2
4128	61.9
429	0.2
3781	4.5
7443	23.5
4187	33.9
7801	80.5
7708	88.0
6811	71.7
4900	22.3
275	64.1
5804	98.5
2178	0.8
2401	73.2
1370	77.2
7931	93.1
3840	13.9
5779	5.5
2656	98.3
3418	35.6
1065	59.1
6900	35.6
1902	69.2
8744	66.7
2424	19.4
1270	28.4
3196	63.7
10097	69.5
7413	50.0
4301	91.2
1736	12.1
1475	20.4
871	40.5
3774	0.6
224	10.5
4012	71.5
4863	10.6
7396	63.1
3828	32.0
4213	33.5
4098	16.2
9952	70.2
1756	46.1
8422	97.5
2408	18.6
7065	68.4
1103	36.0
569	53.3
3835	39.8
1161	79.2
8964	26.8
1734	25.8
10093	68.1
2019	13.6
5079	4.7
3481	59.5
1486	73.4
9849	89.4
6399	26.1
79	22.5
9668	71.3
9914	83.6
317	52.8
4817	6.5
4298	8.0
121	91.4
7485	56.0
9833	93.2
3830	79.9
9721	65.5
2510	97.9
5887	17.8
1001	46.9
8623	42.4
7926	96.0
4332	72.1
1179	39.3
5646	88.9
200	66.1
6030	68.7
9256	74.0
5689	78.5
5199	19.6
776	73.9
4026	10.6
2167	0.9
3406	73.5
9890	61.7
3796	24.1
2021	16.7
5773	3.4
8323	6.3
3188	40.4
1353	56.5
2752	81.7
8348	98.8
8668	39.1
8589	95.5
8034	20.7
8705	15.0
52	82.6
2217	0.2
8336	98.3
5163	46.6
30	89.4
4463	0.5
8231	11.0
8537	18.7
1780	92.1
2331	55.2
1115	9.9
10076	33.8
3943	24.3
8916	49.6
4507	14.7
4194	74.6
8919	44.4
8332	88.5
8267	86.2
367	63.2
6244	32.8
10114	1.3
4473	29.8
401	42.4
2589	6.1
6239	76.3
7327	44.3
8584	26.1
9026	55.7
5349	36.3
5680	48.5
1128	15.3
2917	47.6
1371	81.7
297	74.1
6577	91.0
4790	23.8
7329	1.8
772	54.2
2046	78.8
8467	63.2
7999	63.2
2905	40.9
2631	0.3
1439	56.4
6745	14.7
6123	86.3
9693	2.6
6649	90.2
7364	86.6
5279	23.2
3381	51.8
8175	64.4
2786	84.6
9797	30.4
655	16.4
2504	16.6
4884	62.9
1284	62.9
5941	42.2
2479	6.5
10067	86.9
6764	87.2
8453	56.9
2976	93.9
5013	22.9
3609	90.6
2299	77.1
5620	55.5
2667	51.6
8166	71.9
9709	10.0
5419	64.6
4886	75.4
4202	63.0
7643	23.1
7993	10.3
9520	74.9
6595	24.8
9786	41.0
8446	34.1
2544	43.1
8230	17.1
7014	66.2
11	86.6
3120	63.3
8103	1.7
9980	2.2
5459	81.8
8556	46.7
6420	98.4
9024	37.1
2829	35.2
4561	49.6
993	89.2
8607	0.9
9636	98.5
2828	13.0
3520	54.1
1415	84.5
6390	21.6
4509	12.5
6019	99.4
1002	13.6
4949	25.2
3414	19.5
7452	86.6
8781	0.6
1465	46.0
1503	28.5
9838	25.8
3677	90.6
991	33.7
3109	21.2
3286	10.7
6500	58.0
3442	52.4
8460	65.0
7882	59.8
7124	94.8
8976	79.6
2727	93.4
9292	78.6
1852	64.3
3807	89.0
9573	8.3
3462	72.8
5619	69.6
9923	1.7
8333	55.6
6400	72.5
2745	98.4
7838	37.6
9628	97.7
1913	94.4
6291	50.8
6875	17.6
1233	35.2
898	31.4
9623	34.0
9198	72.7
1010	38.1
1757	98.6
3064	96.5
483	12.5
2300	66.2
1612	31.7
876	70.0
8339	46.4
5512	12.9
4852	31.3
9657	20.4
5102	64.0
4333	17.3
3112	77.0
8356	20.9
2733	83.7
4367	51.6
8081	31.5
2915	69.8
7920	87.1
3003	84.2
912	70.7
5675	53.1
7158	67.4
8403	29.1
2686	96.8
3657	27.2
5154	36.5
6332	82.7
5087	72.1
6810	98.2
5373	39.8
7447	24.5
2969	4.4
10140	62.2
3581	82.2
8085	5.1
6932	11.2
8204	8.7
8655	65.7
1444	64.7
5021	27.8
9448	58.7
2362	80.1
850	3.5
6079	17.5
3177	65.3
3890	65.0
2419	89.7
6465	57.7
9744	21.3
4676	1.7
7609	89.9
3925	92.7
9381	97.7
2801	31.5
8090	75.2
520	85.6
1366	48.4
7909	42.3
8910	0.2
2023	82.1
1286	63.7
7960	43.0
7389	75.0
908	97.6
280	1.3
325	77.9
2282	20.2
6187	33.3
3230	49.2
7414	50.6
6048	71.7
3567	9.7
105	63.5
4138	41.5
9929	1.7
5452	12.1
6612	19.3
6688	66.9
8091	44.0
4315	72.0
7939	66.4
4833	99.3
414	58.4
3	78.0
5991	26.0
1325	67.7
9253	9.8
3633	29.8
2229	79.3
131	91.6
3864	65.5
3055	10.3
5968	45.2
7365	67.5
1203	54.0
9290	62.2
6356	89.2
8900	94.2
7247	37.2
2156	86.1
2047	10.4
1253	90.3
879	83.2
3438	95.4
586	80.6
2995	91.9
2626	89.2
8641	39.6
5214	40.1
8244	63.2
8349	16.8
990	17.5
4055	70.0
416	29.2
2593	38.4
3760	2.8
6282	67.5
8971	90.0
1259	52.9
3961	17.7
4794	19.1
5569	57.4
739	69.6
4457	90.5
4742	27.2
1050	45.2
5381	14.9
6666	91.5
1306	67.6
138	26.3
1204	57.0
6461	10.4
4484	78.7
2497	3.4
5125	2.6
8254	57.5
6410	91.4
4169	23.3
4504	76.0
778	40.2
5903	61.8
8989	7.0
1397	22.9
2145	97.6
8663	21.3
2823	99.0
9463	71.6
1557	71.8
1901	29.6
2195	83.1
1221	69.6
2855	75.2
1013	54.5
8771	74.4
7657	58.6
5269	24.1
2714	6.7
909	15.5
6813	65.1
4470	9.3
3716	12.8
6654	75.3
6705	67.8
2942	47.7
4432	61.7
8496	63.9
4464	9.2
4239	90.9
9992	28.5
2138	35.4
232	1.1
34	13.5
4264	57.3
2906	72.6
8833	17.6
7776	98.5
4860	39.0
2082	55.7
9247	16.6
3348	19.1
983	8.6
988	52.3
6993	3.3
1492	15.4
1104	10.5
5323	28.4
9559	21.7
3684	31.5
1451	7.7
7349	72.0
5119	1.2
3382	34.7
7305	44.6
4822	65.2
9728	79.3
4638	89.6
4770	66.7
8326	52.1
1404	61.1
7974	20.3
7536	94.2
9785	14.5
5598	63.8
6258	92.4
3983	60.4
2630	4.0
6727	25.5
4774	26.6
2446	0.8
6873	2.8
5949	76.9
6290	12.8
1672	7.8
4664	14.9
6267	4.5
4240	56.6
108	50.9
5411	5.9
4057	55.6
3902	11.6
5566	94.2
5670	19.9
1725	44.1
2501	41.1
9635	49.2
9779	92.5
2133	40.8
3845	37.9
5965	47.8
8083	61.8
7225	89.3
6218	34.6
1342	6.1
4673	91.2
7504	19.4
7903	24.6
6556	23.7
970	43.9
1173	98.2
4339	52.3
7430	22.4
2018	61.1
6689	35.0
4879	92.1
10032	87.1
5573	4.4
134	51.3
5718	76.1
1723	49.8
1362	34.0
7176	64.0
5332	87.5
2851	8.6
3821	39.1
4740	78.0
557	52.0
9370	38.3
3596	2.6
839	93.3
4059	78.2
1102	92.4
58	18.9
8354	37.5
2134	43.0
6977	68.2
741	17.2
2549	46.3
10059	40.8
8908	41.3
3403	3.7
2458	45.8
1893	84.5
8637	11.5
6473	6.3
3593	44.0
9546	17.8
4184	71.0
7967	41.0
3994	83.9
7342	5.6
5640	36.6
9865	2.0
1536	13.3
5786	15.7
1118	62.4
3849	66.6
2508	84.1
674	30.3
6599	44.7
3594	19.0
799	67.0
5940	51.1
3624	66.6
1753	90.7
5438	93.2
6379	25.7
2890	90.7
9484	62.7
1416	32.8
1385	73.4
7461	9.3
7613	81.4
4437	18.6
2865	55.2
4455	16.0
7906	6.2
5343	8.0
6725	63.7
5995	27.4
1268	85.5
8023	53.7
195	42.3
594	34.9
9774	54.8
9004	95.2
940	3.7
7378	40.0
7464	93.1
5562	15.5
5516	95.4
8188	4.7
6471	11.0
5216	4.2
6468	0.2
4880	66.2
2886	49.1
1505	21.7
4073	57.9
4665	9.9
1051	74.6
15	80.2
5327	76.3
252	9.2
7484	46.6
5806	41.2
5023	91.9
136	16.1
3683	85.8
3749	38.2
3320	87.8
3334	4.8
7600	9.8
4977	4.8
5644	100.0
4521	71.5
4356	53.0
5124	17.4
6245	62.1
2841	83.1
9863	39.8
7009	57.7
753	92.9
7874	17.8
2103	29.4
1886	64.3
5203	63.0
719	20.4
8518	33.5
3220	52.3
8245	16.3
3078	61.1
1064	20.4
4743	24.5
2819	21.0
6421	15.4
8029	59.6
7843	78.9
4553	6.4
1432	42.5
5780	48.4
423	72.6
5227	78.7
2170	62.4
8167	94.3
8520	70.7
5792	71.8
2832	22.4
4597	73.6
3345	39.1
2582	60.7
8801	76.2
9758	76.7
234	62.6
7182	26.0
5143	93.3
227	76.1
9236	79.7
7531	88.5
187	30.6
6253	77.5
7221	83.9
1604	99.5
2529	80.0
14	83.4
6996	21.1
5305	66.6
10052	34.3
7172	12.9
2003	67.7
1879	54.7
7439	60.0
8215	76.7
5333	64.9
1905	50.8
6939	13.2
245	94.3
6517	11.0
2930	45.9
738	49.0
9669	23.2
4585	34.5
1081	16.9
7987	40.2
6195	29.5
7397	40.2
9596	47.2
1190	38.3
8767	39.6
4703	52.8
2854	11.1
3142	7.3
2868	35.1
6864	10.1
4543	12.3
185	65.5
7374	78.7
3957	15.7
1453	75.4
8423	31.4
7235	11.7
7347	0.4
7872	40.7
5727	78.2
1594	1.1
1176	54.8
4599	55.4
1783	72.7
535	40.5
1382	41.6
3293	48.5
9880	63.9
9579	45.7
9651	37.9
1319	41.0
1728	98.2
2254	20.8
2620	82.0
1779	98.7
732	14.8
7900	46.7
318	49.3
7208	45.2
3302	66.6
3270	68.2
5739	76.9
2349	53.0
5320	49.6
889	0.4
6510	99.6
2721	40.4
2211	58.2
9510	18.8
6273	45.1
3249	57.0
3131	26.6
2777	96.7
9006	67.3
7367	87.8
2009	60.2
2768	34.6
8922	68.3
7258	52.9
9648	15.5
2317	76.7
18	87.2
6946	49.1
9309	3.3
8880	64.4
1305	37.6
5736	92.4
938	45.4
9692	13.6
1297	8.4
9576	67.5
9927	60.6
7630	72.2
2741	54.0
4598	27.2
9205	33.5
4375	71.7
2722	1.9
5266	17.8
9871	68.3
5513	23.8
3992	84.7
1513	71.0
3240	75.4
7275	43.2
9958	71.5
2203	59.4
5855	47.1
1355	94.6
8469	31.0
9994	24.4
3936	78.2
9437	86.3
8131	51.3
2428	65.0
7634	15.4
8945	36.1
4044	23.0
3040	58.1
510	62.4
4722	34.2
680	38.9
3318	42.5
397	1.5
4943	39.1
6312	56.7
1044	31.5
1445	41.5
9928	69.9
7472	29.0
1898	82.1
6795	95.8
6782	54.2
2866	62.1
8606	49.4
2487	1.4
8979	65.2
7368	75.3
971	57.1
7747	45.9
3248	84.5
4416	34.5
2881	26.3
7125	79.4
2533	48.4
1726	62.0
3311	22.6
4653	55.9
1719	13.1
5812	96.7
8045	66.9
8687	89.3
8289	15.1
10133	21.6
3014	97.5
4702	70.7
593	63.8
8114	81.4
548	51.8
7383	79.0
8128	97.6
2352	69.8
5156	62.2
2161	23.2
1283	71.9
4717	9.7
5113	64.1
5800	34.3
6910	66.6
9620	78.6
2461	44.6
1022	86.7
3487	71.0
8806	6.4
1237	95.9
4229	68.2
1149	88.4
9780	45.2
5795	59.3
1892	76.2
5578	96.2
4768	11.0
9023	60.8
9791	56.1
2344	10.5
10095	81.3
5345	41.5
8748	48.6
7373	62.9
241	62.2
5287	35.4
355	43.5
9971	12.6
9382	40.4
3700	64.4
4092	46.4
6973	91.1
9213	48.4
5099	5.4
2261	10.2
7189	63.1
8040	48.6
1574	49.0
4563	10.6
9304	21.2
8568	38.8
4919	39.5
8561	43.9
9962	6.0
6923	88.4
2278	91.4
2326	39.6
6243	30.9
7245	18.4
6447	34.4
2294	15.9
4925	94.5
9117	57.2
8442	36.1
1931	73.6
1623	93.4
8414	30.1
9809	86.7
8798	67.8
1560	29.8
6042	18.2
6690	70.7
4565	45.3
3275	27.0
6594	38.2
8392	99.2
6505	90.7
2395	62.3
8601	49.2
5351	12.7
1642	1.1
8610	33.2
5342	83.6
9159	30.2
4271	29.1
3932	38.1
9016	85.4
3755	73.1
8609	92.1
1903	77.4
7538	2.1
3214	5.9
3454	11.7
5425	89.9
2824	62.7
246	8.0
1496	5.9
4157	8.3
9846	90.4
192	74.0
4533	16.5
5347	36.0
157	26.4
8926	54.8
5953	24.6
8770	95.3
2798	1.6
6597	23.0
7703	94.2
5781	30.1
3557	23.4
6219	9.3
6436	86.3
6136	67.8
3896	10.2
8972	21.8
4276	31.7
2541	3.2
4531	96.3
10147	24.0
4118	86.9
1705	90.6
9156	15.3
6840	73.3
9746	63.6
436	63.4
2385	56.6
8158	22.0
7741	29.4
7762	4.7
167	50.5
8053	92.3
9183	42.3
5171	53.9
1912	49.8
125	78.0
6097	74.8
9896	70.4
3301	16.7
3387	22.2
6799	19.2
3699	18.2
6927	10.9
7774	58.3
934	56.7
8647	16.1
8544	44.7
6365	10.2
8233	41.2
3642	29.0
2410	38.7
6261	97.8
9719	65.1
6163	21.7
242	53.0
7715	90.2
7625	73.9
1699	59.7
3640	34.2
3170	18.1
6940	94.5
5260	98.4
747	85.0
686	67.5
457	65.4
3417	10.8
952	77.3
3145	93.0
2609	96.4
3467	27.1
6283	40.7
6308	96.1
3083	74.5
2275	17.1
4417	28.3
267	69.5
9976	9.4
10077	39.7
6066	75.4
1928	42.9
10129	22.3
2389	48.1
668	14.8
1817	22.1
4340	60.1
4587	34.5
2279	25.3
3608	53.8
7816	51.5
6928	20.3
3681	18.2
5723	78.1
4048	97.8
2243	11.2
8364	12.4
2280	23.4
1711	7.5
5997	87.7
9373	2.5
4834	78.7
132	54.8
10063	48.7
9344	11.0
3929	68.4
7529	14.2
1809	48.0
4140	44.4
7315	55.8
9361	33.7
2298	20.9
4022	64.7
7492	30.3
3135	87.5
7140	14.5
892	5.7
7893	100.0
3740	72.3
3588	92.9
1198	42.3
4992	48.1
4929	64.4
2412	43.8
9640	14.0
3310	62.6
454	4.9
2482	91.1
4825	84.2
745	96.5
7915	3.2
7722	24.4
8146	99.0
7388	56.8
5674	47.6
443	60.0
3736	32.6
8376	63.8
2592	70.6
3893	61.4
7626	51.3
9799	78.4
4401	93.8
4386	8.3
8276	21.0
1334	42.5
3400	89.1
6310	75.2
853	11.7
3848	17.4
6718	24.8
9230	10.8
126	62.8
5450	42.8
3866	26.9
1341	19.2
9985	99.2
5538	92.8
7769	42.2
6336	44.2
1220	36.5
4937	61.5
7733	82.4
3913	2.6
4649	5.2
8503	14.1
585	6.7
1936	31.5
9592	34.4
7324	46.2
1280	25.5
6380	51.7
6398	30.9
5139	73.4
8681	20.5
7957	95.7
5182	46.9
8898	85.7
1420	20.7
9364	97.8
2653	90.1
4584	89.4
5329	88.0
7265	66.2
9756	0.6
9932	8.4
6191	87.0
8780	20.8
86	52.5
3523	39.3
8738	50.9
4348	58.2
1824	82.2
1792	98.9
2789	3.4
349	70.0
1808	75.5
8635	84.6
3000	19.9
8478	76.1
3966	89.2
3649	50.8
4010	8.3
8792	36.8
7073	76.6
5686	96.3
7209	3.3
3171	54.8
5517	55.8
4174	98.2
7415	22.5
1765	36.5
36	82.5
5521	42.4
7586	66.8
9752	4.3
6749	6.1
4395	63.8
7168	13.9
625	16.3
7314	52.4
7547	79.8
3067	8.1
3019	95.0
9792	46.0
1401	28.3
8802	96.8
3679	47.1
6773	15.6
4744	80.1
5014	36.9
235	65.3
3625	66.8
4769	15.0
8625	53.6
2240	6.0
9578	73.9
3421	7.5
3990	16.9
1019	11.9
1619	58.4
4729	42.5
5755	56.7
3090	14.3
2158	77.3
8923	70.8
6338	96.2
9895	77.2
580	88.1
6300	74.4
788	69.2
4250	32.8
1459	29.7
1721	28.4
9089	7.5
2875	73.0
6711	33.7
9308	88.8
7716	7.5
9426	71.3
490	31.7
1948	65.9
1754	28.1
1361	67.4
4713	99.8
2115	61.6
1848	61.9
2556	47.3
4660	74.7
8347	20.1
149	77.1
6608	9.3
4396	66.6
9095	62.6
6041	76.6
2701	73.4
5188	60.8
1602	83.7
3696	19.5
4186	74.4
3631	78.1
98	69.5
4324	33.7
3070	6.0
3945	90.2
968	79.7
2516	63.7
4719	34.7
2790	80.9
5168	47.2
5019	34.0
8875	59.3
8074	99.8
5836	86.2
7688	13.4
2205	37.6
1363	73.4
1343	47.8
614	97.4
6439	25.2
276	66.6
2748	42.7
2557	41.8
8620	48.3
4270	98.5
582	85.9
3127	71.4
5928	97.2
6601	18.5
2455	67.2
5325	32.9
10045	97.6
6341	18.6
9751	28.6
2640	84.7
2113	34.4
4967	87.3
2002	45.0
8741	21.6
2629	86.0
10068	85.8
133	57.5
9964	84.2
1271	98.7
4197	4.0
3242	14.4
5089	26.0
8255	59.5
2238	29.7
9315	35.5
5192	97.9
849	84.0
6530	4.9
5743	59.5
2022	77.0
8064	20.2
8698	67.7
180	30.7
3384	38.3
9922	50.9
7181	46.4
2964	25.1
4095	71.3
5744	41.1
1951	84.5
4155	30.2
375	64.0
7858	8.8
7978	35.8
7400	88.4
9500	18.2
3662	32.3
8533	72.4
9810	74.0
7748	15.2
9150	68.9
1609	32.2
9033	39.4
5053	86.7
9466	49.9
6170	99.5
5784	20.1
5384	44.7
1926	31.6
2061	88.0
5437	76.4
6836	77.0
1807	41.5
8844	99.2
10122	44.3
494	51.0
2553	8.3
3861	68.1
6150	90.0
1933	83.3
7755	11.9
6744	12.8
9059	78.1
4525	11.9
9775	18.5
2974	59.0
2402	23.5
872	4.1
4511	37.0
1193	11.1
26	99.7
3324	98.0
1767	42.6
806	97.9
7973	49.8
1449	66.1
9882	44.6
9650	4.3
8603	55.3
4074	60.7
4615	90.6
4981	4.4
4889	28.2
4383	71.6
5444	77.1
5656	26.6
648	16.5
3843	27.2
9993	39.1
3380	39.5
1468	50.2
4731	99.5
5720	59.9
6212	80.4
8680	89.7
5981	89.9
9476	64.2
8855	75.7
5344	38.6
2711	64.3
178	67.4
4309	41.7
8251	91.2
8885	7.5
805	10.0
6318	82.2
141	63.6
6058	6.0
2149	20.2
2324	29.3
1696	19.4
3378	2.6
1254	58.6
8465	91.8
8007	98.5
7398	41.4
438	20.6
567	60.7
2511	25.5
9873	12.1
8130	95.3
3573	1.6
2635	69.5
9052	12.1
9357	56.0
5622	33.7
617	14.3
9045	25.3
10001	39.8
6999	28.1
8720	76.0
8570	7.1
3388	52.5
1637	99.2
5753	19.9
5354	44.1
8777	53.7
10011	44.4
4818	68.5
4173	28.4
6113	75.6
8539	19.3
1592	54.4
3150	83.9
1527	83.9
5353	66.5
2884	11.5
9038	25.3
6260	68.2
7001	59.3
7298	13.3
8732	0.4
4400	6.9
7451	77.1
8656	6.4
4390	50.6
4476	49.2
3269	45.5
8634	9.0
2361	77.6
4262	0.1
4500	66.1
4203	75.9
984	21.8
7050	51.5
8830	54.8
5552	11.9
8391	27.2
293	2.8
843	27.8
2896	99.6
4121	54.9
6293	68.5
8028	62.7
818	99.5
4124	19.4
7685	18.4
5187	32.6
8525	66.9
1934	64.3
3910	36.0
685	14.4
9898	42.6
9350	75.9
4802	27.0
8615	73.8
4952	40.4
2262	33.5
2007	24.0
4628	42.2
8409	58.2
8334	96.0
7419	33.6
4962	24.3
4762	42.2
8286	10.4
1032	56.5
5042	76.7
7294	9.3
9590	55.1
9988	95.8
5733	36.9
9690	11.5
1378	46.5
5170	22.1
4549	36.3
8145	45.6
7558	58.5
8035	21.9
439	61.9
4749	87.6
7456	58.6
9379	13.6
4539	65.5
5009	56.6
7091	10.3
4869	1.4
5537	35.1
7257	48.8
1135	26.7
4796	53.1
7448	90.8
6706	19.7
5876	76.4
1159	38.9
6907	75.9
6527	33.3
481	72.7
4424	55.5
9387	98.9
8482	56.2
1790	85.1
9242	11.8
9147	38.5
4418	99.3
9921	52.9
7496	60.2
5457	51.9
10142	89.2
5033	5.6
7991	68.2
847	32.7
1576	1.6
5321	69.2
8772	89.3
5999	28.1
1851	80.7
8998	22.2
857	84.4
4592	7.6
590	93.7
4389	49.2
9348	45.6
2496	28.4
3263	22.1
937	28.5
639	71.7
6	84.4
8002	3.5
7544	69.4
3033	69.3
9712	90.8
822	76.8
6709	85.7
4421	20.6
2682	3.9
2892	84.6
6590	94.2
9673	64.3
2604	1.4
10031	20.1
8010	99.2
4583	30.1
8117	17.9
6961	54.4
8818	65.5
5501	55.7
1663	11.5
1632	7.1
1481	18.4
8935	7.1
9685	88.0
6950	92.1
1568	94.6
2670	48.9
4787	96.8
9096	70.4
3218	93.9
9278	6.2
8177	42.5
3366	9.5
6183	45.6
2429	10.5
1580	30.5
9264	74.4
3632	11.2
221	98.6
7497	42.4
6361	13.6
1621	69.3
4512	93.7
8714	97.7
57	80.4
4993	35.5
1508	50.1
5605	3.1
3508	8.1
663	64.4
8238	43.3
8835	60.5
10130	32.2
4451	13.9
8557	6.6
2542	27.8
2912	60.3
4535	12.4
996	68.0
9717	61.9
4786	46.6
8927	20.7
6877	73.6
7602	82.8
767	19.2
2750	67.8
6501	5.4
8764	45.4
4056	46.1
3028	20.5
6525	55.7
8548	54.3
6890	57.1
4672	54.3
7477	35.4
9965	1.0
1054	63.4
2525	50.2
7815	99.9
5996	88.5
962	42.3
9201	37.1
4558	72.4
3354	82.6
7565	28.4
9171	86.9
4698	56.2
2068	27.3
1798	47.1
6892	22.5
6026	22.1
599	14.7
3971	16.7
6366	22.1
5503	57.8
5554	85.9
8470	54.0
8155	55.7
5978	69.5
7717	65.6
8153	23.8
6454	17.6
7721	17.9
6428	27.8
6767	53.9
9587	84.2
666	35.9
7857	25.5
3825	16.1
3674	66.1
9418	30.1
6069	93.8
8324	83.9
5684	80.3
9900	34.3
5421	18.9
1839	90.2
2773	81.3
6755	19.8
808	52.3
7458	61.2
8796	48.0
7534	68.1
6024	3.3
8388	8.4
9580	40.8
7664	11.0
3044	51.2
8866	6.3
6337	53.3
7937	98.8
6373	86.4
4545	97.8
5630	47.6
7961	79.5
8303	41.1
5762	93.5
8920	77.4
95	53.2
7180	80.7
5915	83.5
3859	48.5
319	9.7
7901	36.6
5584	41.2
5341	70.5
5289	82.2
8096	45.8
2403	9.6
4783	5.1
670	8.8
7921	1.4
8012	62.2
6382	88.2
3877	1.6
1709	13.6
6821	38.3
3930	32.1
10012	44.9
7947	70.6
3517	78.9
3477	52.1
7669	94.1
2409	4.9
5158	80.5
3782	29.4
391	49.6
816	21.3
1533	55.9
7867	10.9
5064	83.5
8617	7.3
9412	62.0
7229	43.0
521	33.6
339	54.8
6854	8.1
2050	77.2
2425	37.0
8864	93.9
4994	22.8
228	89.1
5892	59.5
8564	9.6
7897	50.0
8397	3.8
6825	36.3
4111	27.2
168	9.1
2534	55.6
2448	12.1
2935	45.4
70	20.4
8077	97.0
2295	94.6
7358	95.5
9472	27.4
6474	71.1
1577	60.3
1686	12.0
6080	25.0
10080	72.9
4094	88.0
7150	43.2
4370	3.1
578	85.6
777	86.6
6585	81.3
5229	52.9
1641	58.4
4606	61.3
3504	16.7
3658	38.2
3026	9.6
7437	81.8
2139	41.6
2297	33.6
7360	42.0
2945	96.9
8380	19.2
1156	2.6
1558	32.8
4975	21.9
1431	5.1
6975	60.8
6747	52.5
9453	24.4
2527	56.8
2607	40.4
1682	85.0
7260	30.0
7627	20.0
411	32.1
6303	56.1
7214	79.2
7499	50.3
3759	61.1
4667	36.5
2697	14.4
1483	89.0
9491	18.3
9464	42.6
6677	77.0
162	95.1
6402	52.0
1086	38.6
305	69.0
7075	71.9
122	49.1
8443	79.8
7631	33.6
5268	17.9
9462	65.7
7679	97.1
2531	64.6
7847	59.1
1021	73.6
691	48.2
9	40.9
5933	38.8
4767	18.3
9881	17.3
9630	88.1
5458	48.7
3876	13.8
3470	18.9
7830	24.5
4711	48.4
4881	10.8
513	76.5
1344	80.5
8785	82.4
5346	65.1
2661	91.7
8986	95.6
1844	82.2
10004	81.4
7603	69.5
1677	0.7
931	42.7
6320	19.9
8485	8.8
1317	69.5
6045	35.4
3422	29.6
327	34.7
9662	66.7
2981	13.6
3502	52.3
1423	23.1
8879	69.7
3102	27.0
2599	31.6
7787	38.4
4647	43.0
5591	16.3
7530	49.3
5176	33.2
2188	20.2
1407	54.4
3045	7.2
7309	93.7
5897	15.3
9514	27.1
9872	11.9
6236	94.2
10108	26.0
2347	26.4
3203	15.8
2898	84.1
5798	0.9
32	59.8
9360	57.5
84	98.7
10082	79.1
8016	87.5
8395	6.2
4995	24.1
111	20.5
6358	64.1
165	10.6
856	31.6
7002	12.4
3474	13.2
9795	28.8
102	81.5
9119	71.2
3255	11.4
4212	50.0
9617	33.0
10053	75.7
9069	58.3
6693	58.3
3146	35.7
3521	34.1
8450	37.1
6651	93.1
8752	7.9
1403	92.6
8543	9.4
5249	5.9
7941	58.4
1573	66.4
4819	42.0
2383	58.4
8952	48.3
3606	14.9
6822	88.9
2360	77.2
6348	95.5
7902	79.0
8790	81.0
5426	19.9
5590	68.0
9211	28.5
6930	13.5
1748	70.5
5854	91.5
1873	13.2
1825	96.0
2568	58.6
4830	35.2
8750	65.4
2340	46.1
6697	29.9
8288	28.5
6915	21.4
7312	64.9
1511	75.7
4088	33.7
4188	27.7
6394	61.3
7653	78.2
3350	56.9
2989	78.3
3125	57.2
6345	73.4
664	42.2
9235	88.9
5939	61.5
5857	87.1
5498	91.1
8924	80.3
3916	49.1
7675	98.5
27	54.9
1122	45.2
3266	16.9
2867	22.2
7233	92.8
1773	55.8
1147	76.1
5868	77.0
1945	45.9
1618	40.3
9468	47.2
1012	64.1
5209	58.7
6353	67.6
8088	4.5
6179	63.3
743	49.0
4816	54.9
8984	49.8
33	90.4
184	84.3
441	65.4
124	99.6
9757	40.8
1466	64.5
4829	88.7
3548	3.9
8773	79.9
9170	33.3
6071	73.7
8666	61.1
7375	26.4
8689	12.9
6322	49.1
9355	60.4
5449	67.6
4204	66.5
7325	68.0
7950	93.9
5080	54.3
7935	11.4
3232	92.4
8100	5.9
9060	98.6
9064	93.3
977	21.3
6230	40.1
8856	8.9
5319	18.9
3525	26.7
949	75.6
790	6.1
5094	58.9
7102	8.7
7851	23.6
6947	78.2
9989	85.8
4932	71.9
9473	16.0
4788	14.2
6133	55.3
7263	71.0
9767	98.1
9311	18.5
9030	78.1
9440	73.2
5722	11.3
6681	88.8
7614	43.4
1083	14.7
7732	33.3
8011	22.0
9667	48.9
7719	12.1
2443	44.9
2270	64.6
5130	71.6
5666	32.2
1635	40.4
2116	2.0
3117	47.0
7577	72.1
5372	42.5
1546	27.6
3641	94.5
9904	32.9
1954	34.8
169	81.3
2440	52.5
2847	0.3
6033	9.8
2441	63.5
9385	57.9
6375	18.2
9643	49.3
6637	63.2
6620	57.2
1419	9.1
6481	34.1
4761	72.1
7226	0.2
5624	83.1
4820	77.9
3801	99.2
4426	82.5
358	64.5
5681	70.0
2386	84.5
7770	53.6
7938	90.6
3752	54.1
929	44.4
6451	9.2
3665	70.5
5246	87.1
2004	97.1
7648	89.5
7633	63.8
9312	71.5
2031	72.8
4487	20.5
8207	50.0
7425	67.2
29	70.6
8861	83.4
2959	63.0
4106	9.5
7783	59.1
3107	50.8
4861	32.7
3021	77.3
5704	85.6
8975	72.1
4800	30.3
1056	22.1
8152	17.5
8461	70.6
3978	54.4
1883	23.1
3513	77.0
1880	3.8
3601	98.3
7793	97.1
8858	65.0
7086	89.6
1452	19.4
8229	51.3
491	44.9
6497	21.3
7668	6.5
5945	71.2
1124	47.1
1031	32.8
1107	35.9
2641	59.5
4876	8.9
3119	21.0
1443	88.3
2165	38.3
7975	83.1
5550	8.4
841	67.2
1493	75.5
3895	39.8
7216	81.3
1935	96.2
5412	76.3
6926	32.9
3488	60.8
3152	47.2
8270	6.6
2730	10.0
4207	32.5
5433	48.5
3362	67.9
550	52.5
1514	70.4
6430	49.7
471	31.9
8402	8.3
230	83.9
9755	65.4
4299	81.3
2062	97.7
249	55.7
1335	47.0
6155	53.7
8837	89.7
1144	81.6
2235	68.4
2398	5.8
10008	63.0
9777	2.4
3424	1.6
3186	51.4
5397	29.9
2088	27.7
542	25.6
1673	82.9
4443	32.8
5969	8.6
1365	16.0
2060	49.0
5519	27.6
394	77.5
3975	96.5
1543	92.9
4723	64.7
2763	63.2
1810	0.8
5518	44.0
9181	9.6
1067	66.3
5492	66.6
1570	9.3
4905	14.8
7344	65.4
7491	31.6
8973	2.2
1313	28.5
6901	79.7
6687	28.5
7483	64.9
7101	94.2
8755	87.1
9110	52.9
3607	0.6
7917	25.1
10145	72.9
1062	84.9
5632	85.4
3731	47.7
1275	35.6
7039	88.5
2338	43.5
3713	94.6
2922	27.7
9207	83.3
1925	50.6
4219	88.9
299	37.1
600	40.8
989	22.6
7742	84.9
190	45.8
7142	10.0
9323	69.8
3015	86.8
5	65.6
2795	94.7
3766	22.5
1377	10.7
8895	61.0
3185	40.1
43	65.5
9605	80.1
2285	29.3
2774	37.5
9945	83.9
8199	7.9
1354	87.4
8020	91.0
2399	69.2
9946	43.2
2924	50.7
9284	27.7
2451	12.9
6412	28.7
1480	44.7
6828	4.1
7177	62.4
6466	84.4
4579	33.0
1758	30.3
9912	67.8
7556	46.1
5166	72.8
9017	47.2
3491	2.1
8994	8.3
6017	64.1
3374	25.7
5220	69.6
9532	71.7
1003	62.4
4712	79.1
1993	78.0
1045	25.6
676	68.3
2106	1.0
3809	21.7
5846	93.4
7727	71.7
3666	6.6
211	6.4
2869	54.8
4067	74.4
618	21.8
8713	18.6
6409	16.5
9070	13.8
4481	93.8
10105	35.3
8931	19.0
8183	22.9
1800	51.3
7210	55.5
4293	41.8
6469	73.1
7061	66.3
72	86.0
4928	71.9
4503	7.9
142	79.2
207	87.4
9867	21.3
3526	77.3
7346	43.7
9801	24.9
1158	32.7
6159	96.9
7237	73.5
4223	10.6
1593	65.7
9146	62.4
528	19.1
7152	86.7
316	8.2
9878	37.0
5383	55.8
9018	14.6
3905	62.4
7562	9.7
3748	25.6
6171	88.5
4429	6.8
8136	35.5
1210	45.2
9261	20.7
5035	90.1
8674	9.8
6263	85.9
2110	1.6
4624	49.3
4456	1.9
4362	30.3
7585	16.6
4381	39.9
4922	79.2
268	40.8
6968	85.9
7123	39.6
6757	47.6
2223	74.5
4454	18.7
1181	57.3
1393	66.3
7954	76.9
6414	53.5
8417	89.9
2564	83.3
4007	43.3
9336	56.9
848	96.4
780	14.2
9097	28.0
3367	60.4
7175	6.2
2901	4.7
4331	25.0
8671	54.1
6978	22.8
5387	76.1
9732	41.1
8736	67.4
3060	65.3
2350	9.7
6951	51.6
421	57.0
4631	15.7
4447	46.0
5919	52.3
9884	99.2
1331	42.7
9429	71.4
886	22.2
5889	24.2
5132	31.6
1782	10.7
3182	24.6
8304	18.2
113	32.7
204	52.2
5751	69.5
10110	43.5
9283	91.8
7087	31.6
1185	40.2
1559	87.8
4230	70.5
1600	51.1
8147	66.0
4442	6.7
1352	29.3
2307	57.2
2336	32.3
8027	61.8
6086	83.7
7394	33.8
3256	38.7
3194	23.8
6387	48.6
7794	67.6
7501	9.8
3330	22.1
8111	99.6
6859	61.5
5673	87.3
8608	74.9
5002	94.7
1588	26.5
690	47.5
5367	63.2
2767	98.0
2394	80.1
5885	81.0
2882	33.6
3787	2.6
2815	5.9
3096	64.5
6256	64.1
2194	78.6
9897	37.8
7429	34.7
4480	91.4
10120	34.4
6094	74.0
8071	76.5
1171	88.5
3826	53.8
5558	44.9
3225	68.7
2509	56.2
3753	58.0
9526	47.2
2952	39.6
9820	91.2
731	80.9
5097	75.8
261	0.2
128	29.4
2283	53.0
7139	65.2
6784	86.2
2469	36.8
8707	75.7
8486	15.7
2993	65.4
7236	48.0
3268	16.9
6985	51.7
1665	30.3
7886	13.7
6829	47.2
1485	1.6
9975	3.7
6444	18.7
3501	81.0
5385	15.6
1167	89.2
8709	78.5
3048	87.4
7435	70.9
906	98.0
6790	88.2
214	24.8
3597	88.7
8491	43.7
3973	60.7
46	46.7
4877	41.3
9229	4.4
3373	30.2
3066	57.2
9819	14.3
5971	60.6
8542	2.3
9889	94.5
4430	86.4
6639	35.6
3751	74.3
8421	30.0
2953	60.3
2246	32.1
8190	29.3
7261	45.6
3689	90.0
7618	59.1
2681	88.7
986	93.3
6516	12.6
6285	2.2
5270	44.7
8703	90.1
6861	19.0
5745	12.5
7729	87.2
8559	95.4
2296	28.3
3505	87.7
10054	79.7
3810	3.5
1088	59.1
1145	58.2
8341	88.5
2932	38.7
6895	19.3
3519	63.4
3621	31.6
6529	35.9
4772	32.5
2074	19.9
9078	60.5
7841	75.3
9196	93.8
2063	23.1
8396	9.8
412	93.6
7559	75.5
8807	26.0
8718	22.4
8419	82.2
549	20.2
5711	4.3
59	23.9
7427	16.3
7942	97.9
2519	41.9
2387	95.5
5036	15.4
7436	94.9
9189	35.5
8139	95.2
4347	71.8
7262	20.7
3485	72.0
4085	97.5
289	42.7
9227	9.2
341	32.5
4582	11.3
1007	97.3
8940	17.7
255	79.3
883	61.9
1089	20.4
9512	96.1
7883	97.3
3818	27.1
5292	61.2
797	96.9
1318	78.3
7951	95.5
9223	41.0
756	16.9
609	80.0
2104	55.7
7273	63.2
8449	13.5
7802	30.2
6025	31.5
8737	82.5
6143	6.9
6286	44.3
7997	27.9
1601	98.9
5671	99.3
7264	54.2
5837	96.2
7661	2.3
5643	23.6
5593	14.9
1170	73.4
3156	35.8
6490	2.5
9566	3.6
4168	50.4
3653	35.8
6381	35.4
9391	82.7
9248	10.6
4352	14.8
5007	25.9
3319	69.6
2505	29.3
4171	43.7
7103	87.8
2933	48.6
3009	85.6
8500	39.5
208	58.8
5504	74.5
5831	64.3
941	29.9
4982	35.8
5776	35.9
9040	90.9
10005	42.2
380	98.0
7287	73.9
2627	85.5
9649	3.9
5634	58.8
1091	83.0
9639	44.2
2151	69.8
1818	3.9
5065	7.6
8371	74.3
9608	37.2
8901	48.5
7303	21.9
7697	11.2
7159	96.9
4870	34.1
8970	18.1
10085	99.1
5834	74.7
8521	63.0
3245	10.3
9293	5.0
7596	99.0
9222	9.3
2724	54.3
8512	2.7
3243	63.3
8633	68.2
1200	43.4
1626	17.3
7178	0.9
2371	39.0
5869	62.6
2083	64.1
8353	98.5
1858	69.4
4989	34.8
1603	30.3
66	44.3
7601	94.6
260	73.6
7248	68.0
7777	55.9
2463	72.2
4391	57.5
3831	66.7
2124	86.7
281	16.9
3084	5.7
3013	36.7
1643	63.6
3813	55.4
3497	3.6
6656	56.4
7313	74.1
5575	84.5
3991	82.6
6010	19.1
789	71.9
1457	76.4
7251	32.1
9678	70.1
8284	66.2
1495	82.2
1168	28.1
468	19.9
8189	70.5
4617	19.2
418	22.3
6995	31.6
8186	75.8
8959	99.1
6266	22.1
8174	5.9
2284	90.2
3671	60.4
9133	63.1
3980	35.7
5303	64.8
3207	51.8
4848	14.5
3823	7.6
3951	2.4
7582	62.2
7681	3.3
6101	94.7
5520	59.3
522	59.0
7058	36.5
89	52.0
7576	19.3
554	34.2
6339	94.4
7211	11.6
8202	1.4
2421	76.0
523	25.6
3299	76.7
502	62.7
1644	5.9
9010	93.6
8268	72.5
2470	82.4
8759	69.1
3167	83.5
5696	47.1
53	60.6
8591	94.9
7829	66.2
6843	89.0
9062	44.2
553	66.2
1966	61.1
3615	58.1
130	93.6
4185	18.3
3863	98.1
897	31.0
2899	50.5
2288	30.5
7480	81.5
706	95.4
8102	44.3
4912	13.4
9153	20.0
6027	11.7
2089	40.5
8950	11.6
7572	99.8
8298	52.2
763	36.2
2447	49.2
8057	6.4
7992	82.1
7671	87.9
815	23.5
3079	8.2
4438	71.0
1106	31.5
6938	87.4
9258	7.1
3610	96.4
1063	38.3
4564	83.0
700	27.7
7490	51.7
3034	71.9
6809	68.6
516	53.1
9503	47.7
6012	84.9
8125	85.2
7595	88.0
714	53.1
3244	85.8
9347	68.5
8535	74.5
9892	37.0
4806	15.7
4494	23.6
6228	34.7
7995	3.9
6434	47.8
9220	14.7
3398	89.9
936	90.9
5455	78.8
8841	46.1
2843	27.6
3655	49.0
5793	5.2
1787	31.6
5609	24.0
2558	61.0
9237	48.1
7300	86.9
7154	37.5
2175	85.9
6518	26.1
3802	55.5
2725	83.9
538	66.7
566	48.7
3745	63.1
6037	91.8
2595	36.7
1870	53.4
5893	48.0
8459	70.5
8398	76.1
8168	8.1
826	18.3
4167	39.9
2073	42.0
4485	47.2
8439	11.2
5813	97.1
7030	92.6
7040	94.0
9970	26.7
3453	10.9
6005	21.9
8047	43.0
334	87.6
6180	17.8
9925	85.5
8214	58.0
4482	63.6
9372	7.7
8302	82.2
8530	33.5
2248	92.2
4607	17.1
8930	38.4
2142	67.7
7405	88.6
5235	63.3
371	10.1
4265	99.7
3229	46.8
6696	57.1
9424	31.5
5237	20.5
8069	8.2
1191	35.8
810	62.7
6807	16.8
4944	98.0
1650	58.8
10039	57.5
9046	49.2
10021	8.5
8941	90.8
8387	41.2
5476	14.8
8427	81.5
5860	22.4
4079	66.8
7219	28.6
1267	92.5
8974	32.1
456	31.2
7738	68.8
3798	63.7
3888	71.1
4738	20.1
3050	85.9
1770	45.0
4125	52.2
5240	33.6
1605	98.6
8850	51.9
9193	90.9
3852	83.5
10134	25.8
1539	78.8
3484	1.3
5088	68.9
4522	2.6
7925	28.2
1515	58.1
3210	13.1
9425	79.8
2897	87.2
1418	13.5
6642	57.7
4413	24.8
1978	71.4
3692	14.0
9852	74.9
363	57.0
9457	21.2
6984	93.8
9449	40.4
926	82.7
8018	57.9
8868	81.5
3634	48.0
634	34.1
2831	6.4
547	28.0
4282	53.2
4763	61.7
8039	52.0
621	32.3
2535	89.6
2878	11.5
7111	40.4
5403	78.5
9953	93.2
7095	15.3
9555	80.5
2314	49.9
9568	95.8
1172	47.2
9338	84.4
2796	66.0
7759	26.8
9564	37.1
636	76.7
1150	55.9
1111	6.6
3430	23.5
1940	46.7
7317	85.4
9888	70.4
8222	98.0
4373	76.1
1289	20.4
8566	12.0
4639	88.6
4130	44.2
8836	88.2
6343	89.2
1435	52.2
8194	28.6
3056	43.1
9316	38.2
5355	38.5
5496	43.8
9209	99.8
9145	83.1
7253	87.1
1751	3.2
6783	51.2
7989	36.6
181	19.1
4027	37.4
9474	84.7
9513	92.7
2907	88.4
9374	10.5
774	16.2
1916	45.3
8800	33.2
1347	4.3
1814	75.4
7855	94.3
2804	40.8
7191	71.5
7387	92.2
8399	37.0
8978	46.7
3289	79.8
1988	67.5
3963	27.4
3335	63.3
8148	78.3
1746	81.7
602	52.9
8586	11.6
9583	69.6
3415	99.6
68	76.9
5963	29.5
8424	99.3
7878	91.0
6296	3.9
8990	0.4
2628	6.8
3457	24.0
10003	58.4
8234	34.2
9772	66.2
8889	72.0
5982	39.7
6389	0.6
6203	16.6
2206	6.0
3132	67.0
2457	87.0
8948	96.8
7335	74.0
6446	6.9
5894	20.8
4100	72.9
8163	79.4
2112	60.0
6550	94.9
5507	3.5
4725	77.7
5370	98.8
3842	99.3
5339	40.3
7652	12.5
4614	14.1
3076	92.4
4864	8.3
8033	31.2
7808	78.0
10115	45.7
2462	44.5
9655	78.8
8579	47.4
5030	73.0
422	85.6
9417	12.8
8170	75.0
5294	81.4
2162	27.1
6385	96.5
240	3.3
9506	9.7
7923	66.7
499	25.0
6879	89.2
6878	50.8
8523	31.8
2272	62.6
5120	28.3
1209	3.2
5601	52.3
8567	2.7
6073	75.1
2247	14.6
702	84.0
3496	41.2
2632	18.1
5396	38.2
2911	69.6
1487	18.8
1218	38.5
3475	68.8
3590	24.2
4096	89.7
6640	42.9
7029	70.6
1863	58.4
3757	78.6
8572	18.1
7379	21.9
9619	46.3
7242	41.2
2550	12.7
1952	87.4
9234	56.2
9194	25.4
8826	41.6
8776	66.0
7079	73.0
361	43.5
8383	47.4
5272	18.0
10111	67.1
998	24.1
5308	72.9
2390	58.8
2090	98.8
2571	39.3
67	15.2
3193	99.8
1265	83.5
5374	65.9
4104	56.3
9948	59.9
9074	97.8
9203	2.8
1549	99.2
4957	91.9
1252	45.2
2645	51.5
5063	17.5
9432	14.0
2838	78.9
3445	93.8
2356	24.0
9141	95.0
9626	44.7
170	62.8
7083	90.0
503	1.6
5401	23.7
5530	26.7
1225	61.0
1540	37.7
1984	8.7
6492	39.8
8283	30.3
9556	65.8
9858	74.0
5955	43.6
9149	48.6
2249	81.1
7672	47.2
8273	78.8
8667	11.1
8416	38.9
8555	2.8
1391	52.2
4847	42.8
5386	26.6
9274	98.2
3794	89.7
417	39.4
3670	7.5
5056	63.1
8436	82.8
2332	23.7
3206	89.7
3189	10.5
3391	45.2
447	94.1
4465	65.8
2572	27.1
137	29.0
9830	90.8
9107	30.8
7946	64.1
5628	29.7
5277	71.2
73	88.9
9615	28.2
5107	72.5
2488	33.3
2422	39.5
9523	14.0
5017	41.7
7964	32.3
3604	53.5
1788	1.4
5993	67.6
4287	91.8
2715	56.9
4060	25.3
4548	35.7
6914	52.2
6647	52.2
1409	21.9
9479	52.4
38	32.5
3605	3.5
8432	31.6
9907	3.3
2416	34.8
6870	21.9
2742	40.4
830	43.8
2343	80.0
5195	89.0
1368	88.6
97	11.5
7795	19.9
3709	1.1
5302	17.3
5629	66.1
342	83.4
2075	50.5
6830	22.3
9531	96.9
2034	19.5
5178	16.2
5363	3.9
1561	87.9
527	77.5
4408	95.6
7488	12.6
8454	13.7
5185	84.2
563	64.2
5610	77.0
6015	90.6
8840	6.2
7336	74.2
6223	33.7
5908	48.6
1425	49.0
8065	90.0
7134	26.3
1832	72.3
8684	56.7
3568	88.8
4621	10.2
7516	36.2
1598	94.5
1410	71.3
9398	84.9
1194	70.3
9652	29.8
10138	85.5
6535	22.1
402	42.9
5794	46.4
4406	90.3
4387	64.2
1351	22.7
5964	46.5
7028	61.2
3569	64.1
9931	39.1
3965	43.3
1202	93.1
6648	86.1
2478	24.2
543	59.5
1724	69.5
2709	64.8
8306	85.2
3062	0.7
9764	89.3
4827	22.7
5211	83.3
1795	37.5
2671	29.9
5580	35.5
9014	82.8
2852	10.7
4499	23.0
6295	27.6
10153	39.4
7306	63.3
8455	84.4
2144	88.0
6044	69.1
408	63.6
8915	12.2
6081	61.6
5756	44.2
699	26.9
1720	25.9
2699	29.9
3844	61.6
9940	87.0
2348	42.9
7192	40.0
6467	30.8
2883	34.3
1596	20.2
9544	82.2
4029	95.2
5205	52.7
9443	45.5
3715	26.9
9641	10.4
2996	22.6
1544	25.1
8873	54.7
8382	33.0
2740	38.1
2903	59.4
7056	15.2
8365	97.6
7077	47.8
2057	20.9
4502	73.2
5548	72.8
859	68.3
7010	37.2
8870	76.5
4038	96.0
1490	60.9
87	40.9
6735	8.3
3947	17.5
7940	78.5
7376	54.1
6880	21.4
4519	4.9
6452	98.0
6896	74.3
3724	79.0
9393	13.7
9524	23.3
6007	44.2
9714	77.8
1244	93.0
768	59.2
50	50.3
9034	33.2
4008	88.9
10048	36.9
6746	18.3
3360	52.8
7017	56.8
7781	88.4
1695	38.1
4420	45.2
9781	30.8
9380	49.9
8149	57.0
1450	72.6
7311	67.1
1971	1.6
8811	61.7
623	67.1
1038	94.8
6966	44.7
2673	69.1
4998	91.6
893	53.4
1008	84.4
9405	49.1
4253	12.7
5951	89.5
5405	92.6
5947	19.3
3972	98.2
420	45.3
1579	2.1
2586	7.0
4274	31.0
5913	30.1
3911	95.4
9239	61.8
1182	84.3
6860	87.3
5561	91.1
4953	18.8
9043	91.5
6987	84.3
2154	79.2
8756	77.8
5547	74.1
4297	9.3
9088	15.0
2910	33.1
5904	86.4
330	9.9
530	83.5
4336	10.7
4310	1.1
6576	97.9
905	37.7
6924	81.4
4588	36.6
8445	11.4
2978	44.7
1212	36.2
3626	99.4
4053	9.0
4958	65.8
2891	57.5
1087	73.7
3018	85.5
9812	62.0
3298	99.4
8073	70.2
7640	70.7
8171	59.8
3312	11.3
3375	63.5
8574	60.4
5924	73.6
4042	74.9
6440	98.0
8203	64.6
1075	69.6
6334	14.2
5379	25.4
3720	67.2
2459	90.4
3082	59.7
2625	50.1
3071	90.1
7135	80.8
6367	84.5
5948	67.0
8592	69.6
17	0.8
5155	20.0
5147	54.0
1030	41.0
5359	67.5
9936	68.2
8498	29.6
6359	13.3
2908	50.9
324	8.8
8285	47.0
9996	42.9
688	77.2
3306	50.3
798	71.9
5579	89.9
1430	42.3
3737	6.2
8576	92.0
9072	33.7
4520	92.6
2406	80.8
4466	84.6
2800	34.2
7990	64.0
4562	41.9
4220	28.1
8277	46.9
9738	41.3
8250	46.8
3693	86.2
4366	17.2
8828	67.8
8708	4.7
65	66.1
7109	47.4
6618	53.6
9414	27.4
4805	88.6
4969	10.8
5920	53.6
8184	61.1
6369	19.6
855	33.1
7817	57.5
2835	5.0
6837	53.0
5712	68.9
8220	27.6
615	8.4
2644	76.7
6362	0.5
8201	81.3
7132	33.6
9313	94.7
5534	55.8
3396	35.1
7569	18.6
1689	54.8
386	75.4
365	64.8
7985	80.3
5852	11.7
5179	40.3
4017	15.2
5990	5.1
2271	4.0
8947	19.6
1261	75.0
7870	20.7
8825	32.5
482	1.0
286	86.6
2189	86.9
3016	27.5
1524	63.3
4813	24.0
7442	49.0
8252	73.0
1963	38.5
726	86.7
9450	5.6
7853	55.0
3427	57.5
5925	92.7
8468	38.6
64	2.2
2372	23.1
6214	30.3
7612	8.9
8977	61.1
8400	79.7
3209	78.8
5807	91.7
1613	36.3
7860	22.9
4824	39.7
4181	5.6
8315	63.5
3613	22.1
5037	26.4
9536	7.8
6229	46.4
8995	53.4
3101	19.4
3246	36.9
8246	5.3
8187	10.3
2689	85.3
1263	70.8
2256	50.5
7884	58.5
8783	21.6
6566	66.5
1033	71.6
8921	19.7
5491	97.1
4595	20.9
9901	48.4
1850	44.2
3124	62.3
8580	48.7
5144	47.7
5375	78.0
7299	64.8
5699	11.3
6652	3.1
963	83.2
2539	28.1
5502	78.2
6167	33.2
8878	81.5
5606	51.6
863	22.6
404	13.3
6596	32.3
5201	35.4
1380	98.8
7266	76.1
6292	0.5
5481	25.3
8531	8.1
1826	0.2
3261	35.2
3450	81.2
10014	46.2
6268	16.2
4872	57.9
7910	29.0
2374	11.2
2805	19.3
9082	32.3
8646	38.8
1390	62.4
10125	32.7
606	63.0
2664	64.9
4983	65.4
8946	57.6
2675	25.7
5690	78.5
7805	93.6
4684	43.4
3336	2.1
4655	83.9
9748	41.8
1607	70.7
8066	12.6
1804	17.7
3449	10.4
1035	91.2
5732	47.7
8914	93.3
6741	69.0
5484	15.7
7320	75.6
8749	63.5
5122	48.9
7202	96.0
6046	46.0
2785	24.0
151	88.5
1995	95.8
3627	30.3
1180	49.3
6034	1.1
1266	3.5
2949	83.3
8352	45.3
6259	62.0
7517	47.8
1494	97.9
9796	78.0
3369	5.6
9249	93.5
8287	5.5
10149	64.2
3832	73.9
6370	69.2
8219	78.7
8779	84.9
5662	9.2
3729	10.7
2396	94.2
145	67.1
144	12.1
3005	19.7
5006	68.3
2117	13.1
6028	91.1
9057	89.6
7250	23.6
4342	82.6
5929	91.2
8078	57.4
2418	29.0
6754	60.7
838	7.0
1688	57.7
6611	51.2
1484	6.5
308	20.6
7948	23.2
6663	93.9
9490	70.6
874	90.7
4532	71.0
4467	11.3
10096	38.0
1553	83.7
4687	52.2
9131	30.9
1522	68.0
4940	44.0
4936	38.8
8110	19.8
3574	12.3
1205	51.1
6617	94.5
7361	77.8
4278	36.8
6124	3.2
1441	93.2
5436	37.0
7598	23.0
5540	16.8
1336	8.7
8829	78.4
6313	45.2
8506	4.2
188	13.3
4652	66.1
1676	49.5
2870	8.4
8962	5.8
6082	90.6
8278	80.8
5348	40.6
2524	81.8
7115	52.9
7811	60.8
4855	47.8
3948	87.9
903	74.6
7701	48.0
1829	43.5
7133	69.7
5439	42.8
507	64.8
3708	67.4
6562	20.0
9273	50.3
3999	70.5
5313	93.3
1614	48.5
3814	94.1
3889	42.2
2135	41.7
225	79.2
2780	10.2
2513	84.4
6084	89.9
9158	30.8
5576	10.3
9214	67.2
294	84.2
3580	88.2
1085	73.1
1983	93.9
3162	17.5
921	9.0
10084	18.9
6190	27.0
5039	55.2
9118	6.1
4	99.9
2058	58.0
4199	92.9
3969	17.7
8448	21.7
2826	24.8
5197	51.3
5015	74.1
1712	90.3
1904	89.7
1242	5.6
9602	93.3
7203	72.8
7788	84.1
5994	26.8
10087	61.4
7617	8.5
5617	97.8
6567	23.5
8022	79.1
1950	53.8
1639	18.6
9073	6.5
4960	51.9
3958	74.4
3039	71.4
8208	1.4
139	15.2
9137	53.0
10033	50.6
10151	70.3
2596	64.4
558	28.7
3836	85.4
2503	20.3
5543	39.2
4528	34.5
3754	92.8
7914	58.9
6715	22.1
8665	46.2
6349	14.8
9297	22.9
2012	49.3
295	77.3
3459	72.7
6524	26.9
1786	4.7
9328	8.7
8217	72.5
4477	42.1
2437	69.5
7276	66.6
6232	92.1
8517	14.9
6591	65.0
10101	29.3
6342	76.1
6327	24.1
9419	74.3
1567	49.7
6329	11.7
6883	36.8
194	25.9
2561	57.2
7998	51.4
8293	96.2
5149	87.6
9875	58.2
455	97.9
7301	22.4
8969	78.4
6202	86.5
2475	50.3
1315	40.4
9111	56.2
7053	50.8
8420	45.2
6834	66.5
8859	46.0
8056	47.2
383	82.3
8435	76.1
4013	73.4
2467	95.4
6557	32.8
5430	61.9
4109	78.4
7341	9.5
1223	85.6
3623	26.5
5422	25.7
7234	73.1
5702	38.4
5190	14.6
10099	28.6
6351	37.8
8097	86.8
7734	4.3
4129	44.4
9243	77.6
2694	65.1
4970	33.7
7051	18.2
5404	55.3
2960	22.7
4238	24.0
3397	23.1
2705	87.9
1584	37.4
8872	2.0
624	84.6
1750	91.7
904	82.4
5256	28.4
1356	69.6
1446	7.5
8511	99.8
9563	47.3
2132	68.0
6092	15.8
6935	60.2
2123	71.3
7644	96.7
7922	19.1
9431	44.4
424	84.8
1090	10.0
4149	10.2
173	41.4
9210	86.9
7060	56.9
2700	90.7
3934	97.0
584	50.4
607	55.5
5588	41.4
1744	96.2
9244	88.9
2737	56.6
3786	52.4
3995	64.0
8269	70.9
6603	39.1
7198	33.3
384	6.0
1761	9.8
4758	0.2
6657	92.7
9151	38.5
8169	17.0
3063	17.5
740	38.5
3589	47.1
9346	8.2
2453	2.4
5802	80.3
9029	87.1
5467	97.3
6798	60.2
5693	20.2
16	68.7
2990	61.5
3483	45.8
2560	33.0
9642	75.0
2114	81.8
4748	63.9
1867	23.1
2755	0.7
2834	35.6
8682	36.5
376	75.8
5633	61.7
6169	92.4
2751	9.8
4901	92.4
6680	23.2
6479	75.7
561	90.5
4289	91.6
1548	28.7
6933	79.8
4224	51.4
6694	52.4
100	90.2
5545	56.3
6626	21.4
8008	52.4
8191	23.1
6904	83.7
2817	38.5
191	19.6
920	28.5
3841	32.9
393	56.8
1189	52.5
6781	96.8
8241	55.9
3988	2.5
3827	30.9
9152	3.8
1424	68.8
9280	91.2
5789	10.2
3552	60.2
3264	27.7
9231	73.2
3431	89.3
4002	48.3
10062	9.8
779	33.4
5045	36.4
1328	51.1
2642	30.8
8224	69.2
7468	54.9
7665	45.9
6174	77.7
1132	27.9
9175	20.2
9154	78.1
2006	93.2
4273	46.1
877	8.6
733	72.6
5626	28.9
4838	16.7
2109	52.9
868	21.6
7604	12.0
400	49.1
3086	56.6
601	25.9
9212	5.6
2862	7.0
4371	85.8
3383	26.1
2404	64.1
6967	47.2
5567	63.4
6771	32.4
2486	75.4
8753	6.7
6061	39.3
3968	74.0
9886	69.8
5533	11.7
3790	38.5
9545	59.0
4523	24.0
3326	41.8
7321	51.9
684	93.8
5101	79.4
9087	39.5
7196	0.9
6721	32.2
3703	43.3
5582	56.7
6936	68.7
8104	1.3
10104	28.3
5783	44.9
3667	18.4
4127	19.5
899	61.9
9427	53.2
9759	86.0
9794	32.4
4789	47.1
1896	12.2
9001	84.9
6621	61.0
7548	3.8
5010	53.3
7798	73.5
347	2.4
3452	27.3
4425	59.2
1375	24.9
8821	28.1
4249	0.8
8936	77.6
6331	77.7
5081	99.5
5135	43.6
4882	39.4
2354	66.9
6629	19.0
4808	57.4
1136	70.6
7	88.6
844	11.0
8372	15.3
3645	49.8
2327	22.7
7587	12.9
6646	18.8
2259	94.2
9469	95.4
8375	53.4
7623	57.6
1616	91.1
7699	14.8
3237	81.9
6040	65.0
4578	33.8
3072	39.7
7624	45.3
3276	58.0
2873	22.2
913	24.3
3924	87.0
9392	35.8
5911	92.9
9905	10.8
8877	51.2
3989	81.3
1491	90.9
4784	7.2
2308	7.4
8212	61.9
8819	68.6
2608	24.7
1821	15.1
692	41.1
8070	53.0
2146	84.8
6600	54.3
1025	35.5
5526	95.5
3410	45.7
8262	78.1
2187	84.1
8701	95.2
1927	69.3
2430	14.0
4804	42.2
4699	69.1
9459	12.1
7953	8.2
6704	34.9
1922	93.9
9362	14.9
5685	9.2
2562	73.5
7778	20.0
431	45.6
3439	45.8
4850	84.8
3611	44.8
1234	23.4
9185	99.3
591	27.2
5729	70.9
2766	10.6
284	95.3
4577	89.0
5787	64.7
1985	91.0
7823	75.2
5191	0.9
845	1.1
7707	14.3
1412	52.8
4444	23.7
10136	83.5
3638	24.9
5427	3.8
7502	81.7
5878	8.0
1823	18.9
5103	35.1
7054	43.0
7106	17.9
1820	28.4
1655	99.6
9701	98.3
135	68.1
444	84.3
7404	18.4
7459	95.6
3280	52.7
5204	90.7
174	66.6
2893	50.2
10141	81.0
7806	23.7
4635	8.0
23	60.4
7740	54.0
5058	17.5
8626	63.2
2918	73.7
6102	49.9
3440	96.8
1314	25.1
1589	81.5
3789	27.9
81	10.4
8193	3.5
4218	29.0
7417	5.8
6364	22.8
3432	53.2
2779	11.1
8774	91.9
2310	22.6
1479	39.3
3133	41.2
1707	0.3
3719	61.7
6701	66.0
9022	13.2
10058	94.0
5234	42.2
3103	61.4
2438	78.5
5823	62.7
9915	37.5
3551	17.9
1894	91.3
6231	57.0
9314	30.8
1146	58.8
6712	12.5
6043	70.6
5942	95.0
9307	84.6
9731	62.3
3451	27.8
3509	94.8
5972	4.9
4636	57.0
3510	69.4
5741	56.5
5129	5.6
6604	44.7
1667	67.8
9218	95.6
10007	87.8
5896	92.1
6241	62.9
2130	59.4
8462	22.2
2193	69.7
4956	65.7
2216	59.6
2687	97.1
9715	35.5
8558	82.1
8847	75.0
9711	10.0
4644	80.8
2212	88.6
8725	28.4
4623	69.4
4488	66.6
3894	46.2
213	28.7
572	54.7
7881	54.2
6319	43.3
7976	27.1
3587	5.5
1004	54.6
6052	30.7
8044	48.6
5525	13.2
6719	98.6
3732	60.4
2984	77.0
2844	8.9
6197	48.9
1827	15.5
6459	40.8
6423	38.0
7968	50.2
3676	5.7
6526	99.7
3353	21.1
8368	17.8
7174	47.5
5071	96.1
1285	5.7
992	77.5
7359	55.0
1300	74.5
216	97.7
7775	31.6
1379	20.5
5603	20.2
1563	82.1
3297	30.8
10023	10.0
6120	24.0
608	0.2
4990	72.3
4403	77.2
9688	60.3
5413	21.5
6582	79.4
3668	44.9
2378	42.6
8884	8.6
1178	67.7
1924	36.3
6929	9.7
3231	99.4
1976	27.0
4028	25.2
6125	56.1
2465	98.7
2152	1.4
9837	34.5
1438	25.3
1023	29.2
7839	49.6
6090	58.5
2122	74.3
9879	86.6
1610	45.6
3123	72.7
5001	18.7
8059	34.4
8528	76.4
565	19.9
9955	37.2
1070	91.5
3931	22.9
8822	75.0
2691	42.1
2793	14.6
2045	82.1
2961	97.4
303	99.1
6820	42.2
1273	85.3
6384	95.3
8745	5.1
6916	38.7
5232	42.2
6761	66.9
1859	80.4
7842	79.5
4506	27.0
9762	71.0
3900	42.9
112	59.9
6670	2.9
4015	2.7
7592	39.4
1006	22.3
4916	51.1
9729	16.7
4170	46.3
5055	68.5
1840	45.8
2444	66.5
6139	63.1
3553	31.8
7695	75.2
5917	35.8
560	24.3
1915	11.8
2155	23.3
10000	11.9
9044	19.8
7455	9.3
573	73.6
1129	58.9
7179	94.0
7122	77.6
8727	31.7
5123	69.9
7478	95.5
2066	33.7
1994	78.7
6117	53.2
1499	36.4
5672	25.3
8477	45.8
7730	10.1
3884	33.9
6110	62.3
313	48.0
2603	12.5
4102	97.3
5848	87.5
9157	19.1
1772	23.0
6160	25.6
5833	79.9
7659	22.0
4427	83.7
4498	71.4
495	0.4
6314	56.6
1884	99.4
6665	19.6
3265	49.2
9499	93.8
7110	65.7
7285	52.0
5474	44.6
3317	43.1
6226	16.4
746	47.0
1633	71.4
4311	76.1
4874	71.5
4435	38.2
3187	69.3
649	28.0
2646	25.0
3007	11.1
4714	70.5
1232	96.6
8256	62.5
2481	5.9
7919	64.0
7406	86.5
7222	80.1
1214	20.0
6478	8.2
5825	42.7
1337	53.5
7334	89.3
6111	97.3
8239	25.2
5838	35.3
2552	78.0
9376	49.2
9337	52.5
5731	3.5
5888	59.9
9317	43.4
288	95.6
9730	78.0
526	84.7
6547	93.2
4490	82.1
7545	2.4
1304	13.6
1831	78.5
6737	43.9
10083	32.8
9625	16.8
2982	46.6
5495	62.0
9333	94.1
2320	25.6
8457	46.8
2643	76.2
3468	7.0
4986	50.1
8526	7.6
8967	99.7
1471	68.9
6937	51.7
9983	50.5
8487	73.1
9180	67.6
7130	12.4
3329	41.5
631	7.9
6531	30.4
6422	10.6
9048	36.1
6720	53.7
9584	16.4
8393	24.0
4122	89.6
8611	47.3
6700	95.9
1523	21.6
9013	81.2
2365	79.3
3222	14.9
8733	62.6
4859	49.3
5181	9.1
4414	33.4
2128	78.4
8466	16.2
3860	62.7
5157	88.9
7064	33.7
660	64.4
9839	62.4
8291	80.6
4005	92.2
1502	93.9
8003	20.7
2072	13.7
7279	48.3
2359	94.3
4650	7.7
6185	3.3
9406	30.9
117	33.1
377	54.7
6493	0.8
25	81.6
359	36.8
8232	26.8
597	32.0
5862	40.7
9011	67.6
1068	72.4
9713	69.3
5586	31.4
3482	93.3
6587	80.2
292	85.8
459	97.2
8430	29.0
9190	13.3
5703	12.3
713	96.6
4105	0.9
10006	49.7
2965	45.5
1417	95.7
6396	83.9
2293	84.4
6456	38.4
6858	1.2
3371	62.2
6105	19.4
4534	99.0
1661	45.4
9735	57.6
5184	45.8
7013	94.3
8265	55.2
2064	33.7
460	94.6
8660	43.0
3506	78.1
5635	58.1
9310	14.5
2863	87.1
6865	55.7
4134	8.9
7848	37.8
1041	44.6
2693	20.4
8711	3.8
5169	23.1
3017	6.8
4557	57.5
2668	46.1
9743	46.1
5233	56.9
3201	74.7
9495	50.8
2986	26.4
7401	92.9
9598	50.2
1017	10.9
9408	28.6
10103	91.8
9963	0.8
8746	81.3
633	80.3
928	90.1
9094	57.4
9687	72.2
2837	20.2
1759	72.5
7271	95.0
3885	5.7
4063	20.0
7773	35.1
748	65.7
3205	38.4
6537	24.8
2020	24.1
3874	20.1
4412	81.4
3805	57.2
9990	80.2
6335	76.1
4279	99.7
2427	67.5
529	52.8
2887	84.7
5441	79.9
9121	30.9
999	81.5
6405	50.6
1413	28.0
2055	96.7
3304	70.2
356	57.2
4630	18.0
1704	47.0
5073	15.0
74	22.8
7112	86.1
279	19.7
5710	3.0
5927	47.3
6154	59.6
5286	56.2
9609	93.5
9856	65.1
1469	76.1
4745	95.1
3656	19.1
2971	24.1
6126	99.9
6178	73.7
1186	14.0
9195	39.6
8540	48.8
6866	37.2
2431	44.4
6952	49.0
972	11.3
4736	71.8
5758	72.3
8062	43.2
8060	24.7
403	56.5
5174	17.1
2783	32.5
7506	30.7
3837	40.7
5791	97.3
5748	18.9
2306	0.4
645	4.4
5655	58.1
2391	12.2
7031	16.5
90	42.5
8115	46.5
8253	7.6
10034	61.0
610	79.3
3598	20.7
696	70.0
4873	47.3
6098	78.5
9950	2.4
1028	38.3
752	97.0
9436	10.5
7868	0.1
8307	44.9
4462	71.4
7866	46.3
4196	51.5
1975	2.3
8832	11.8
1581	60.8
3775	92.4
2097	13.3
9966	48.6
4801	44.7
9540	95.2
2940	12.5
2224	73.0
9934	88.6
3542	95.1
2734	5.9
2526	66.5
4556	59.0
7070	32.9
3564	4.5
866	85.9
9109	36.7
4857	77.5
4589	53.7
2264	33.5
9771	49.3
1991	53.0
4131	64.9
7979	65.2
8107	11.8
7573	72.8
1805	9.0
7059	11.5
3941	44.7
3522	87.4
9860	48.2
9260	58.7
7254	73.7
1162	66.6
9943	61.7
8728	82.7
9192	41.5
9944	15.0
8890	24.6
8321	84.2
7348	24.9
6874	13.3
285	46.1
7071	42.2
1755	48.5
8405	99.7
2738	2.9
7372	71.6
7654	21.6
6151	71.1
5898	32.7
498	23.1
3447	13.0
69	75.1
2622	6.8
7508	18.7
1693	44.3
7005	93.5
4613	46.2
9984	80.0
9760	87.6
8905	12.6
854	72.5
352	45.9
5138	24.0
461	96.7
5062	79.7
159	87.0
4927	21.5
943	2.2
5382	67.7
6089	23.2
2943	99.2
5645	25.7
1742	21.1
7190	84.8
1865	71.4
5631	78.7
390	19.5
4058	34.5
4759	38.4
6574	15.1
1919	22.2
9972	85.9
7509	56.4
6224	16.5
9228	92.2
9217	29.8
3433	47.8
5777	56.5
6569	59.8
2201	53.5
541	60.1
3314	71.2
4675	81.8
3806	24.6
6942	2.9
4458	62.3
4209	4.6
4441	34.6
1454	42.6
9644	46.0
1326	53.1
4072	42.1
9707	4.6
9782	47.2
5239	54.6
382	70.5
2054	32.4
6753	18.8
7385	58.7
4757	7.7
419	47.4
4501	53.6
7837	51.7
1389	33.7
8299	87.9
6615	80.1
8479	89.9
4379	83.9
576	89.6
5226	86.5
7380	27.7
256	30.2
6869	21.1
368	45.1
8596	98.2
7207	75.6
8834	42.4
4101	45.5
1024	47.4
5853	38.2
1489	44.3
472	31.6
4158	55.7
5962	7.7
8616	67.8
932	14.3
5394	31.1
372	8.6
3528	7.8
353	40.0
3697	79.2
62	15.1
7104	19.8
9699	68.4
2190	9.5
667	41.4
4147	80.8
5571	92.4
6065	52.8
2781	65.1
3518	61.4
5330	70.4
677	9.9
6142	6.0
4318	75.2
4810	41.3
5098	23.9
1717	37.9
9918	53.7
2842	47.1
669	18.4
595	38.3
5291	66.3
4300	62.2
9365	44.0
4866	22.7
5510	51.1
3878	30.9
9287	76.2
5826	56.0
4948	7.1
5759	10.5
2872	18.7
5000	84.1
4496	34.2
9478	79.1
7170	1.1
3577	45.2
3478	56.1
7743	56.9
8697	68.7
8735	97.1
9776	34.4
1346	48.6
851	9.7
8058	42.2
2809	65.6
2583	67.6
8036	40.9
1895	28.1
7044	57.5
2775	8.2
881	7.1
6207	82.0
4851	19.2
4099	35.6
8063	94.7
5768	69.4
9037	40.3
961	83.8
3327	89.6
734	11.1
2985	20.1
6824	64.5
8590	30.2
6676	21.4
2411	75.2
7899	77.1
4328	95.2
7994	30.8
6083	27.5
1685	42.3
4353	26.0
2778	31.6
5829	25.1
5772	98.1
5531	9.3
6388	73.8
8659	81.3
2305	40.4
6103	48.7
2813	1.4
6164	81.3
7402	77.0
5618	62.5
2218	32.8
9144	93.4
9720	81.6
5660	18.5
4205	54.4
4225	80.6
2449	59.7
5835	39.0
3785	42.5
344	13.5
6803	21.3
1562	2.4
7084	1.9
7036	27.4
9594	83.5
2946	47.9
8636	76.1
4307	30.3
10146	70.2
8662	50.4
9995	14.6
3822	70.1
6112	24.0
5765	5.4
9567	87.8
7809	17.9
3141	97.7
3006	70.7
2874	21.0
3271	2.2
2638	56.0
5177	46.8
9177	21.9
8553	81.3
5977	13.4
8076	26.4
1130	24.8
3257	61.3
3903	88.2
2483	76.2
1257	47.5
9658	35.2
4915	68.6
3047	48.4
7045	65.0
2325	36.5
3291	37.8
9733	72.9
749	12.9
9130	90.8
2806	97.4
5077	96.5
640	31.5
8532	50.3
1529	20.9
8961	11.4
6333	28.5
4398	74.5
6445	9.5
103	62.9
9645	34.7
1876	17.3
7520	39.2
2545	90.2
9340	98.7
9899	36.5
7025	3.3
3962	18.7
4581	94.4
4604	12.5
186	58.2
5252	71.8
716	37.3
8281	76.5
9486	55.8
1349	28.5
8481	76.0
3933	73.0
7204	33.7
8887	85.1
4782	13.6
1440	12.1
5202	21.3
727	31.7
3646	19.5
3793	43.3
3707	83.9
1120	99.3
4397	14.6
9581	90.0
8963	8.7
9200	28.1
9722	63.5
2771	52.8
2512	24.1
2931	71.2
5725	12.2
2335	73.1
1478	7.0
4517	17.3
1891	11.4
155	5.6
5864	31.0
966	43.3
4312	65.0
7137	48.1
3622	33.1
3694	23.3
6625	38.6
8126	60.0
6246	64.7
4471	88.6
6658	89.4
2770	23.2
2567	21.3
427	19.5
3815	64.2
1670	9.0
3254	40.8
2353	46.0
5844	54.1
1822	31.0
2861	98.8
7003	56.8
2341	25.2
4547	10.7
1722	53.7
8116	6.7
2417	45.6
9334	38.0
9367	52.8
2199	50.5
6573	58.6
4853	44.7
9403	36.5
819	29.4
4051	80.2
6442	13.3
399	2.3
4593	31.1
310	46.2
7927	54.4
6404	57.3
5691	80.9
8311	75.7
39	9.8
9399	94.0
61	67.5
4281	54.4
1534	47.7
6804	76.2
6729	85.9
4988	57.8
3543	22.3
4586	79.8
8227	68.1
1648	4.0
10100	85.1
701	48.3
6200	45.9
9285	93.7
922	66.8
5627	14.2
512	63.9
4263	51.1
9511	29.6
6931	42.2
212	87.5
7772	50.6
9677	97.5
5654	99.5
4527	79.5
7916	67.4
9783	8.6
6732	86.8
8650	79.3
2782	2.9
9329	23.4
9054	56.9
5276	70.2
5570	86.2
6847	59.9
6675	2.3
8729	64.4
2658	13.4
6047	98.2
9627	21.8
7804	77.9
715	74.8
1887	1.1
9920	41.7
3887	78.7
2731	2.2
4492	3.5
9343	42.2
7845	38.4
823	89.6
9935	4.0
4518	28.3
2761	36.3
1373	66.1
9591	7.7
9318	9.7
2707	27.4
9954	54.0
9705	31.9
4608	18.4
6032	75.5
4268	57.4
7895	86.1
1323	50.8
967	55.4
4150	58.5
9501	8.7
1914	28.3
8006	55.0
1834	20.6
2267	50.2
5254	77.1
9286	41.2
7905	28.0
6846	53.5
6460	58.2
9543	44.3
8205	76.1
4232	34.5
2281	49.2
9919	22.6
545	58.7
8795	34.4
5377	71.5
5596	89.9
1049	80.8
6408	39.6
2260	3.7
7944	15.7
7518	17.4
10055	9.2
7094	12.0
4811	24.0
8389	13.6
7197	94.3
1462	12.2
9077	39.3
2384	83.2
320	35.3
3944	33.7
4616	47.1
7581	60.2
2703	0.2
8451	96.6
5070	16.1
9515	53.3
6659	54.6
8068	41.1
9447	1.4
3562	8.2
3691	11.2
2316	9.1
9104	41.8
8340	72.0
152	19.8
1269	90.9
8597	89.6
4551	17.8
9233	5.8
8562	75.9
511	85.0
2273	69.0
3856	9.6
5514	39.2
8696	23.2
7052	70.5
9572	19.1
6902	8.8
5093	17.6
8678	27.0
3908	43.9
9275	42.4
4228	77.5
7673	23.9
432	1.2
1206	30.7
262	22.3
3560	96.9
6072	48.2
4601	2.3
6301	69.1
1207	72.7
5262	82.1
9112	51.6
1651	77.1
1526	23.9
114	38.4
7846	24.3
3742	91.8
1801	48.9
3303	80.6
19	26.5
1847	39.8
1249	70.3
4392	69.9
3195	4.9
7934	30.3
28	25.4
8510	14.6
3259	95.4
1227	17.8
5335	26.7
3224	10.0
4257	80.4
9784	32.9
5451	79.0
4718	68.1
7519	91.6
9341	28.8
7259	21.2
5012	72.5
1137	36.3
7164	24.0
3976	8.9
6776	61.6
1590	5.0
7885	67.4
6886	56.3
4003	7.6
7220	57.1
6842	60.6
3370	68.8
8087	83.7
9813	3.4
8657	18.5
5850	55.6
5221	2.0
4641	51.4
7692	19.3
5616	17.1
3897	71.1
5769	43.6
7268	31.9
2368	96.0
7118	50.9
9182	6.0
6050	21.8
6619	68.5
4831	3.8
8407	85.8
5881	60.6
712	77.4
3733	80.6
3881	27.8
7230	80.9
9703	44.4
2375	82.8
7409	76.1
4537	29.5
2071	18.4
88	17.3
8886	75.5
6233	64.3
1188	22.4
7018	79.9
1550	58.0
8031	76.8
6849	70.9
9537	15.7
4472	5.9
7771	62.1
7021	7.7
9172	26.0
9702	93.9
5361	91.6
5378	44.8
10074	74.9
8993	34.1
1979	74.0
266	49.3
8937	54.7
6371	73.7
8275	78.2
2473	64.7
3685	37.2
647	0.8
4380	59.6
902	78.2
3797	54.1
9734	9.2
1127	59.0
7292	99.1
5183	20.8
54	1.3
3386	25.9
154	63.3
10107	43.1
6357	13.6
1069	14.1
3020	18.4
4978	88.1
6808	77.0
5052	54.2
3217	95.1
9301	71.6
5749	20.4
6733	14.3
179	53.2
329	47.4
2077	56.1
12	83.7
9674	24.3
5754	51.9
5312	77.5
3812	77.1
6225	23.2
8043	86.0
8350	46.1
8789	26.2
8538	59.9
5365	27.1
4021	46.1
6432	27.2
2125	54.6
3906	88.2
2877	83.3
7856	3.4
5284	72.4
1930	10.9
4086	20.2
9548	73.6
1123	78.3
8132	60.8
2065	84.6
7089	74.3
395	14.2
9903	32.5
6965	13.3
4045	20.0
10073	93.9
2634	43.4
5306	43.9
9384	68.9
3025	0.2
9798	78.0
2683	98.9
201	26.5
1697	89.3
9817	25.9
7810	99.4
7465	27.4
9215	75.3
2618	65.4
7184	88.1
3847	72.9
9675	97.2
9441	23.7
6660	18.3
1071	79.1
2044	92.8
7148	40.3
4077	0.9
6153	45.8
7162	34.2
10091	26.3
5247	66.7
7302	86.0
5508	58.0
4571	77.7
10038	88.0
4394	87.9
7579	98.1
7047	18.1
6545	74.6
5922	66.9
381	47.3
10060	24.7
723	25.8
4987	55.6
1710	83.1
8014	54.8
8094	9.6
332	5.1
3073	66.5
3349	54.5
7006	34.5
451	84.0
6328	19.8
4082	9.6
8751	90.5
1258	17.0
7812	58.8
1018	15.6
3290	56.4
4715	36.2
1405	87.8
4305	8.5
536	11.3
8472	92.4
6756	65.5
6641	37.5
6250	17.3
3644	22.2
3750	70.2
1276	15.6
2760	54.1
9138	10.7
2573	33.1
7621	74.8
3341	40.8
4066	80.2
8243	59.7
894	66.1
1965	12.3
8642	73.2
973	58.1
7832	10.4
9475	59.7
7615	29.7
9957	83.5
3053	64.6
4554	19.6
4402	77.9
8577	10.3
1000	82.2
7655	69.4
6671	63.8
104	69.4
1470	25.7
1897	0.5
8050	41.1
2024	9.5
2934	85.2
5701	51.6
3087	47.9
4888	57.4
5713	50.4
9199	90.7
7709	23.9
6815	46.5
1157	44.7
10143	36.7
2521	32.9
5842	74.7
6100	12.0
7507	52.8
2265	32.5
3425	0.4
8654	83.9
9814	36.2
4295	38.3
1646	95.0
7438	17.6
9909	56.7
8156	68.5
6905	10.4
7966	24.7
3466	51.4
55	7.0
1250	56.4
6565	88.0
3591	4.4
630	10.1
3918	30.5
532	95.2
4946	24.4
8046	35.8
7143	31.2
5435	8.5
10035	44.9
8758	55.2
3052	64.9
4495	24.9
9607	78.3
5105	19.8
6679	76.5
8583	65.3
5193	76.4
8475	70.8
1864	35.6
6956	40.1
7686	56.1
10088	97.1
754	83.9
3471	88.0
8628	75.7
3247	41.2
2204	99.6
9606	89.0
5114	62.0
598	57.9
10094	0.6
5464	51.0
4338	3.2
5134	80.4
8571	30.0
7660	61.2
9148	4.2
4865	88.9
758	98.0
650	11.6
7129	17.0
3554	88.5
9870	17.5
5819	6.2
5018	98.7
9202	52.4
5820	74.2
2888	90.1
6193	89.7
3829	19.5
4210	44.8
7393	61.0
5380	96.8
1638	32.2
8629	52.4
8762	36.8
9238	0.9
1741	49.7
8015	94.1
5665	39.9
2400	76.8
1974	44.1
2885	52.8
6631	22.2
4372	37.3
3695	88.3
189	47.0
5180	57.1
9811	65.9
5574	70.8
9704	53.2
6816	11.2
4163	93.8
8154	13.2
4692	4.8
7560	47.5
8025	3.6
1359	89.5
5818	71.8
9653	77.5
6862	68.3
6070	19.4
3284	70.0
5679	93.7
8508	27.1
537	62.9
7038	63.6
551	86.5
5980	92.5
1142	6.9
9184	68.8
8109	66.1
7169	64.4
2554	52.7
388	52.3
6486	23.4
4858	54.8
1215	22.4
10069	49.1
2318	69.8
1778	69.1
4189	17.4
3493	34.4
8803	84.8
7570	14.0
9319	50.4
7240	95.5
3531	85.2
1766	5.2
6184	76.4
2067	78.6
616	98.6
2329	90.5
1774	11.4
8810	30.6
673	25.4
6580	65.1
9740	58.5
2196	11.3
1998	63.6
2242	38.3
1981	52.2
3233	2.9
350	61.6
2665	40.0
7713	46.0
1151	46.7
5766	68.1
867	71.4
1556	5.8
1477	33.0
3166	21.5
3313	44.0
4345	72.2
3572	79.1
2180	71.5
4193	38.7
7099	12.6
5737	61.6
153	13.3
2442	67.1
10036	59.0
2660	92.9
1943	79.8
2143	42.2
1009	47.1
6770	71.7
5641	50.9
1691	66.3
4637	22.9
3106	12.7
6192	17.7
2099	51.3
6624	30.4
1967	81.6
2754	76.7
7467	74.7
4776	76.5
1434	56.8
4836	43.7
4365	12.0
493	60.0
3157	94.5
8051	51.0
1669	52.7
5059	45.9
9599	22.9
2825	41.8
1947	37.8
8694	96.0
9663	50.7
641	94.3
7840	75.1
2532	53.0
6487	5.6
492	93.7
9332	45.0
5559	29.2
2947	9.2
3258	34.9
9167	20.0
9516	94.0
8089	71.6
1969	58.0
9885	49.9
8502	43.9
8366	31.4
9428	1.8
6841	18.8
7907	1.1
5967	68.6
8997	23.1
7228	0.2
2739	50.6
9368	48.9
7096	10.3
8221	23.6
1739	98.9
6786	87.5
10112	12.7
333	74.8
7486	51.0
8279	3.9
3338	57.8
791	3.5
9671	72.9
7955	6.6
7580	69.9
7924	14.1
8456	76.7
6817	26.0
7636	14.3
8024	63.4
4211	11.0
2864	4.6
9162	75.5
9467	56.4
9525	75.7
4546	93.5
5477	18.7
1093	70.6
10070	0.8
2197	61.1
4358	72.0
7407	7.2
4609	95.6
3779	89.2
7493	73.7
3967	34.6
661	96.6
1520	89.8
2042	93.7
2598	96.6
8882	80.8
193	40.5
2962	2.9
6568	59.6
2712	59.3
3058	57.4
9021	59.6
4269	11.1
1040	35.7
933	21.8
1436	22.7
8112	32.2
1769	82.0
3764	62.6
2095	34.7
2649	76.0
3253	28.1
9075	16.4
6146	4.9
4032	36.1
6622	38.2
8784	50.6
9320	71.6
5985	24.9
832	76.2
3721	60.6
5460	74.8
5871	27.8
175	75.1
2502	48.6
1835	9.6
4797	90.2
9902	13.4
1383	90.0
7119	76.6
9654	8.0
4999	20.9
7553	54.7
8949	63.8
6763	14.2
1338	85.4
5979	91.5
5280	27.1
7647	14.4
659	10.7
306	90.8
652	73.1
583	92.5
8264	63.5
6076	39.2
1163	55.8
166	44.2
2000	45.9
6309	29.0
2169	75.1
9586	81.0
3115	25.1
8710	78.0
7550	61.2
9694	46.0
9271	99.0
6561	34.1
7710	39.0
8308	98.2
7680	42.4
1133	38.6
6287	14.2
7608	67.2
9637	67.8
8804	63.4
7836	2.3
1213	86.8
3816	31.0
5316	74.1
890	86.8
1117	66.6
7844	57.5
1678	80.1
1694	22.1
9276	29.8
3173	68.7
9452	73.9
6779	7.1
8534	75.0
8327	66.1
9956	58.9
9618	33.7
6593	12.8
5667	19.3
6397	26.4
5863	22.9
8739	57.3
4020	32.4
6137	48.5
7231	40.1
8860	95.7
9351	60.6
7736	8.5
484	36.8
9294	46.6
3901	93.9
3296	80.7
5900	40.1
5429	39.8
4893	20.3
9672	12.5
10154	35.2
4746	67.2
5589	98.5
3476	40.3
1701	21.1
8473	65.7
4316	7.7
6391	43.4
2566	88.1
8357	68.0
323	24.6
861	8.4
378	67.1
5988	76.7
8355	74.7
2040	22.0
197	17.1
2970	35.9
7186	69.3
7283	89.5
2720	26.8
1027	95.2
8437	36.5
5824	61.2
9826	58.2
99	26.9
2173	74.0
3886	20.4
7081	37.4
2716	57.0
3416	21.1
5253	43.1
9051	82.7
2008	64.5
4326	63.0
6135	97.7
3012	70.7
5625	15.9
3343	46.7
8017	27.8
8213	52.7
3436	33.3
7227	40.4
8263	73.7
9834	57.9
5944	59.0
5880	50.3
4682	19.4
4065	52.5
2376	41.9
6099	94.6
1713	13.9
771	70.9
626	29.3
4308	66.0
3879	87.2
1652	57.9
6512	1.4
6201	88.9
8812	34.4
1946	46.7
4923	90.2
2397	3.1
7674	61.2
8536	62.0
9003	89.5
8605	76.8
1152	35.4
4251	52.9
243	17.8
1281	67.0
9123	88.9
6504	70.1
5067	39.6
5219	19.4
6087	79.1
2955	53.6
835	20.8
3862	45.7
4200	89.7
760	6.3
1900	65.4
4084	24.3
7339	72.3
1428	44.6
315	38.6
10086	48.2
487	52.6
4541	10.8
1517	79.2
4693	45.5
3602	22.5
7574	53.0
1564	42.2
9047	73.7
480	32.8
8367	38.0
4160	23.6
109	77.0
1537	42.1
5636	19.0
2833	11.8
198	64.0
3332	56.5
1908	49.9
8173	74.7
508	48.0
4720	64.0
8604	48.6
8261	61.9
229	15.6
4076	40.8
1211	1.8
7063	3.6
8072	73.4
8266	54.1
8644	8.6
3686	48.3
10064	78.9
1653	78.1
8404	71.3
6917	74.3
3570	92.0
3756	73.2
2954	44.0
3511	92.6
2328	86.8
4468	26.0
71	7.8
3537	50.0
8909	3.4
2655	77.4
5774	28.9
730	99.9
4436	10.5
5173	51.6
4961	86.7
1199	30.1
2679	83.2
2967	82.4
9163	41.2
1340	52.6
891	24.0
9035	21.1
8260	38.1
1762	45.2
7864	75.1
4037	93.8
1680	31.6
2351	28.7
2522	11.5
4795	66.5
5500	48.5
7012	73.0
782	47.6
3946	51.3
994	24.9
9489	26.6
3099	7.9
4363	86.8
6698	90.7
5651	53.8
574	38.3
9168	21.8
4700	30.1
7195	69.7
8294	94.5
8622	74.2
7131	45.5
946	26.0
485	77.2
2536	79.4
9588	30.8
2926	5.6
7756	23.7
4448	41.6
8295	47.6
150	37.5
3571	93.3
6507	66.5
1830	64.2
975	68.3
4089	87.2
2818	38.2
2977	51.8
10144	52.5
5585	62.3
4433	10.4
3158	82.3
9854	60.5
6278	95.3
2080	63.9
4671	47.1
1657	71.2
2013	72.2
4573	33.3
995	99.7
2937	8.0
6506	90.6
7241	67.5
5726	84.0
5613	85.6
3372	17.9
8480	8.0
8944	49.2
9305	40.2
6484	50.3
7138	72.5
4343	79.4
7395	57.7
6482	6.4
6921	70.7
3134	29.7
8317	48.5
7637	24.6
5111	9.0
1987	16.4
3599	16.8
6887	29.4
9864	60.8
6078	81.3
2185	45.6
1551	81.8
9616	83.3
9866	18.8
4321	75.4
7381	44.1
5750	5.7
4183	61.0
6406	43.9
4632	14.5
9442	89.0
2879	43.8
3046	80.4
4113	56.3
3446	66.8
4661	90.0
2575	73.6
4162	68.3
5937	74.4
2652	89.9
2980	45.1
923	14.5
8225	41.4
3783	60.0
9874	87.8
8600	79.6
3643	16.7
4646	57.3
9974	65.5
7620	18.1
7821	88.5
9129	81.5
7726	24.1
9134	88.8
8095	28.0
9850	8.6
8092	72.0
7746	49.4
6717	19.8
2100	12.9
4771	49.3
398	60.8
5008	0.5
7080	44.6
896	80.7
3199	6.6
5663	70.4
4997	25.1
646	59.1
6539	98.1
4280	58.7
3138	77.0
1309	76.1
8138	67.6
4945	29.8
5931	75.6
328	37.8
7117	79.4
3279	93.5
96	88.5
7849	64.9
9493	33.8
3041	80.2
3239	61.6
5112	57.1
5956	63.0
475	2.3
3846	30.5
3923	97.1
3499	20.5
3532	71.7
828	68.1
2492	28.8
8621	94.2
7649	35.8
7705	84.6
7100	89.9
8934	68.3
6897	41.1
8672	31.7
5529	36.8
8412	62.6
5003	17.4
9488	78.0
1134	68.4
3407	14.4
458	51.0
3174	56.9
2379	39.5
814	94.5
336	62.8
8369	11.1
4018	39.9
6762	35.2
2648	13.3
3533	24.1
8418	44.6
4634	74.3
6607	35.6
3347	64.0
6867	13.1
3799	70.2
4195	29.0
9358	48.2
4306	75.1
5046	29.8
2086	21.5
2498	96.4
6534	33.6
5025	18.3
9825	16.6
7399	24.0
4410	42.1
44	10.0
6818	43.6
9632	23.1
7800	44.9
5301	57.0
5336	41.4
5338	39.6
3566	48.8
8619	98.7
637	20.2
3938	35.2
3652	86.9
9245	1.1
110	64.6
2581	30.0
9747	81.2
9108	32.7
540	40.9
3524	80.7
5975	91.8
5998	6.9
8706	44.1
1843	74.3
5841	64.8
248	77.6
729	48.8
8911	34.5
1571	50.9
1992	45.8
6793	53.8
5285	65.7
6695	78.0
8401	80.1
6129	51.7
8161	51.6
6237	39.7
1999	70.8
7449	11.1
4710	24.9
5110	81.0
2514	0.7
5231	84.6
8624	96.5
8373	97.4
4241	31.7
409	35.8
3659	10.0
6326	65.9
9386	22.6
6871	72.8
413	49.0
370	27.7
6616	29.6
3163	47.1
2797	53.0
4739	44.9
465	85.4
9933	31.3
7690	68.1
4116	36.2
6118	97.7
2839	19.1
9005	88.7
4049	40.1
5983	65.9
6003	55.8
9250	25.9
9165	80.2
1236	62.6
8519	6.6
3010	4.7
2137	49.9
6188	26.5
7171	95.0
4407	84.1
7712	36.8
4610	59.9
9169	28.6
4107	28.1
5446	66.2
5432	67.9
1683	89.3
5599	17.1
6254	99.8
852	48.5
4580	12.2
3339	37.9
5311	29.3
6740	81.7
3165	47.7
6551	72.3
2043	52.5
1760	33.7
2728	98.3
298	75.9
5189	75.8
6252	16.2
3675	1.6
1246	3.4
3328	49.8
559	93.3
3002	83.7
9106	19.3
3767	47.0
1079	84.8
3772	6.6
2382	77.7
707	49.7
8196	70.7
3534	19.3
1228	14.4
2580	22.6
3277	18.5
238	94.5
6769	15.8
6775	97.0
4674	68.9
6511	86.0
1290	43.1
6672	91.1
5954	71.1
2078	63.4
8712	87.8
1855	44.1
3800	49.0
3651	83.9
6054	98.2
4846	63.7
1624	36.8
3770	36.9
171	17.1
31	8.2
2056	3.1
8005	54.1
5872	21.2
3137	35.7
1531	47.8
1990	88.5
2708	91.5
8842	32.4
5936	64.0
831	39.0
3169	65.5
4374	1.7
9216	48.2
7552	43.8
2732	86.5
4319	59.6
7561	39.5
5250	51.7
430	22.9
8724	55.8
4349	99.2
628	24.0
8791	94.3
5161	24.6
9063	29.5
3434	2.0
2101	21.8
8509	10.7
9377	23.8
8159	29.2
1735	70.5
5448	73.2
3730	2.2
8956	82.0
1658	10.3
4368	99.0
9080	77.4
682	85.7
5047	66.0
3059	76.2
3914	4.6
4620	76.5
10137	71.2
9257	15.3
8247	50.0
3355	28.4
4705	67.6
4068	93.5
8551	65.6
8499	90.4
4290	49.3
9483	78.5
5116	11.6
7239	24.4
519	85.4
9302	0.7
7441	58.1
406	32.5
5657	52.3
5146	74.9
7043	77.3
2159	37.7
5257	68.1
8690	20.1
478	54.0
5398	73.9
7088	10.8
6196	29.7
8845	5.8
7377	92.4
9610	27.2
6972	55.1
7097	35.0
4536	58.6
5536	56.7
6760	23.2
8305	71.5
6416	18.2
3512	44.8
8569	56.3
2423	51.6
127	13.1
9891	10.8
2547	13.5
3464	90.0
2051	84.1
5511	70.4
5084	62.9
5288	74.8
8965	40.1
2070	86.1
3250	15.6
1802	10.9
7952	33.2
4266	83.4
9528	98.5
4141	19.9
5611	38.3
3358	11.9
7246	22.1
4461	55.6
6443	33.3
8630	18.0
2010	13.3
3114	58.9
9255	91.6
496	19.7
9836	26.1
2186	9.3
4302	87.4
3984	48.1
9910	70.1
1026	23.5
7646	40.0
4911	92.4
2764	51.0
6464	35.5
5456	25.6
9818	30.6
2600	12.1
1061	37.1
7482	0.8
9739	36.1
4419	2.6
2150	35.3
6742	60.4
5307	83.8
7965	14.6
888	99.7
2215	34.7
7183	2.9
2928	86.2
8030	34.0
1324	79.0
3159	53.1
5083	85.3
5572	56.6
7936	60.1
9084	87.2
6248	3.6
5909	94.4
5709	64.3
5366	43.5
5466	81.7
7068	23.4
9550	92.5
1329	17.9
6673	92.8
1015	26.1
8235	31.5
2948	23.4
5212	68.2
2213	52.2
4552	89.1
4023	84.3
3455	86.5
7495	13.8
4679	91.3
4159	58.1
4868	46.8
7911	90.5
3095	24.7
6752	11.6
307	7.8
2988	25.4
6768	26.7
1241	23.1
4792	15.7
273	38.0
6893	79.0
1308	22.3
143	95.0
794	97.6
287	88.1
5817	41.4
5808	42.8
552	97.0
1422	1.5
7288	16.7
8757	80.7
9140	46.6
2105	43.6
7418	86.2
9025	45.7
385	36.9
1868	8.2
3850	27.7
1532	82.8
642	63.8
9727	62.6
2909	10.4
2183	62.1
1217	69.1
8888	2.9
5493	54.5
2207	26.0
8	95.3
3839	73.8
6589	44.4
5061	55.8
7551	24.2
2257	85.3
3465	42.3
862	10.4
3516	81.7
4654	43.8
222	86.1
5728	56.7
6826	0.1
9600	49.1
448	30.9
2958	36.0
466	52.3
658	42.9
7735	77.8
5535	75.0
9917	19.0
4172	37.3
6306	86.8
836	45.8
82	88.8
9299	88.8
1591	20.3
709	63.8
3080	15.0
5873	11.8
7896	38.3
7632	65.6
6514	42.2
7862	94.4
3714	75.9
873	95.7
935	80.4
1143	51.4
3385	25.6
3011	57.4
8282	33.5
1282	74.4
6307	32.0
7256	64.9
9991	26.1
2468	64.0
4303	98.1
1860	56.1
960	37.6
9465	82.9
8740	10.8
504	96.0
3472	20.1
2439	5.8
3940	12.3
5255	50.5
4428	58.7
5970	40.0
9633	5.9
744	27.8
6489	14.3
7015	91.3
9803	9.3
6059	47.0
4179	45.2
5038	2.4
5692	18.6
9288	79.0
6855	6.3
7223	93.3
8957	23.5
7428	24.4
6988	64.3
5066	79.3
2460	38.1
1944	45.9
4821	55.0
8390	71.2
1243	56.6
4123	27.2
6964	58.0
2998	89.4
3037	89.1
7594	67.6
4505	17.6
6311	99.9
4619	88.9
3935	27.9
7370	22.5
6876	26.3
8893	46.8
6077	24.7
3108	37.8
9270	80.3
9977	87.8
7605	73.2
8982	28.2
2900	21.3
93	48.3
4062	71.0
10123	51.0
8165	73.6
869	55.7
2456	26.4
4542	33.2
5200	29.3
9331	99.3
6502	40.7
6691	61.3
2999	0.1
6838	31.2
7366	22.3
5440	56.7
570	10.1
8009	5.3
6067	79.6
982	70.3
1853	14.2
9224	99.7
9166	51.7
2830	97.7
2380	89.4
2876	23.7
947	54.4
7879	61.9
3272	52.3
1968	96.9
5735	87.3
3429	91.1
643	48.3
6571	43.3
4317	87.4
7107	17.4
9460	13.5
8799	29.9
4361	64.0
3273	73.5
710	76.6
1219	85.5
9562	18.4
6419	65.8
3819	33.1
6018	16.5
6544	20.1
7331	28.5
6851	83.2
4354	58.4
2319	50.8
1183	40.3
6774	52.2
5839	92.2
5642	32.7
8585	0.9
1381	34.7
4926	57.9
6962	68.1
10009	55.5
2615	21.3
6462	96.9
220	40.2
1791	3.7
2258	91.4
2179	5.0
4707	30.0
1702	17.1
7684	55.7
9942	15.4
4080	0.1
517	83.8
20	96.0
2983	32.4
5293	85.1
2160	21.7
3419	7.9
2485	87.9
7185	41.1
5884	6.9
7813	17.5
7549	0.4
9291	8.7
1175	55.6
4902	17.3
4996	4.6
8164	9.9
8318	42.8
2916	37.0
5767	98.7
3344	66.1
7616	70.1
10089	57.4
8638	29.4
10027	13.8
9139	21.2
7149	70.1
5390	13.7
7355	58.7
2563	45.6
467	93.9
1620	98.6
1255	66.9
9571	7.0
2820	62.2
8686	9.4
924	95.4
4917	84.0
1345	78.2
9410	57.2
37	59.5
8721	43.2
6298	86.7
4566	92.9
5763	76.6
3688	97.7
8228	52.1
1910	34.1
7470	51.5
1675	29.8
6149	72.2
3777	58.9
2619	97.6
8747	23.7
3868	94.8
2585	58.7
2001	8.4
5141	54.5
2364	15.3
7201	78.9
6969	89.9
6833	3.0
2233	66.5
9342	3.4
7658	24.5
8001	18.6
2041	82.5
5700	37.6
7889	33.0
3738	41.4
6016	0.9
2997	70.5
5778	86.0
1799	87.1
1980	49.0
1889	16.6
5973	62.2
3221	24.5
7807	3.8
956	50.0
9967	73.9
9113	80.6
3765	55.8
10090	54.5
3498	67.5
1781	72.5
8000	31.6
4964	3.3
1585	51.1
3503	66.1
9844	0.9
6868	56.8
678	15.4
5902	86.4
4627	69.8
60	12.1
2209	41.6
392	51.4
5486	91.2
2087	89.3
2414	90.3
8573	75.3
8248	65.5
3118	20.7
7745	85.1
3690	72.3
4110	7.8
564	69.1
7555	92.7
9056	19.1
1369	42.2
6650	79.4
2171	61.9
8067	97.9
870	50.1
7281	59.7
6777	62.4
1307	58.2
7537	51.5
3858	95.3
5992	49.6
7476	94.5
8041	53.7
8210	64.1
3791	47.6
6162	22.2
1740	75.4
7943	98.1
1098	49.5
7714	6.9
8938	44.9
2166	82.2
2334	95.2
9068	61.2
8185	38.0
5140	25.9
1298	11.5
6280	23.1
9079	31.2
2263	54.9
3285	23.8
2845	99.3
4064	28.4
2936	77.3
4854	62.0
2657	48.2
9050	25.2
6832	21.1
6549	75.4
9766	80.7
5326	7.8
5196	4.5
463	41.3
5090	99.6
3236	90.6
9706	65.5
7761	98.4
514	82.8
10072	5.1
4941	12.9
7145	88.2
2836	5.8
687	87.4
1398	87.6
5011	80.4
5445	7.4
1235	0.1
6586	23.5
7136	35.8
927	4.5
3180	1.8
7865	55.8
2822	77.0
5986	34.5
653	1.5
9656	34.4
8316	61.3
22	85.9
3091	0.7
7980	69.8
2311	37.2
8960	69.2
1932	22.3
1625	25.7
2520	16.4
1518	7.8
4914	27.5
8716	18.9
5100	7.3
4812	79.3
7568	45.4
1957	13.3
7277	25.7
7687	67.7
7819	12.1
8218	62.0
4973	59.8
8575	7.0
6216	27.9
4572	73.3
5859	54.9
9251	79.9
978	49.1
8838	25.5
4382	64.0
6906	69.8
3616	26.5
2594	83.2
1582	46.5
6407	46.4
1119	54.3
6707	79.2
9122	70.4
5137	50.4
7290	95.0
337	41.6
2208	91.3
215	24.1
5393	40.5
3148	68.3
965	23.7
5091	58.1
1274	55.0
3637	86.6
7892	45.6
6918	92.2
3795	64.8
9240	52.1
4567	45.8
878	92.4
6554	18.0
4856	8.5
9686	94.4
7958	90.9
5469	77.6
6085	64.1
6844	12.2
6354	91.8
2219	59.3
2606	16.2
596	11.7
8891	59.8
2355	12.4
4570	63.7
8719	82.6
944	92.6
2956	62.1
5515	5.7
5194	47.6
1072	92.3
7332	27.1
6031	89.7
957	78.7
717	41.2
8135	89.3
3970	35.9
6751	15.8
4388	88.5
987	54.6
9127	45.3
9841	29.1
8817	79.4
5509	24.1
9321	19.3
9538	73.8
7898	69.1
4890	5.8
7765	62.8
2938	88.6
8240	63.0
3851	12.3
1301	54.3
2647	28.6
3175	85.1
5822	55.9
6453	79.8
1230	38.9
7457	49.0
7959	12.2
6522	68.2
6249	84.9
9862	36.2
3154	55.9
9085	88.5
6121	27.9
7510	18.0
3357	25.8
236	52.6
3413	41.7
1408	61.8
2576	67.1
3340	79.6
1519	95.1
6891	17.9
2025	26.7
1201	32.1
5505	73.1
2182	41.5
4258	80.1
4568	94.4
1937	11.2
5658	78.5
8787	5.8
6835	86.2
9174	51.7
9869	87.9
6953	49.4
396	47.1
9461	30.0
9076	13.7
5283	96.8
9496	50.3
8290	35.9
3561	56.0
7526	48.9
2290	13.6
271	0.1
6986	0.2
2476	82.2
5020	74.7
7554	5.0
6592	56.8
3743	46.2
2559	89.8
8896	71.6
6613	52.2
5877	25.9
4304	79.5
8912	86.7
6778	16.4
2289	79.1
1538	83.0
5264	82.5
6623	37.7
6148	81.8
9549	65.4
803	3.9
2452	12.3
1392	85.1
9007	19.0
8048	86.7
8913	48.9
7420	70.6
8019	85.7
9806	78.0
1138	1.6
5483	11.6
7165	69.5
1052	45.5
340	70.9
4351	15.7
9444	92.6
1877	82.8
8374	71.1
5314	61.0
5273	95.5
7440	25.5
911	32.3
51	40.7
7460	65.7
5050	16.7
4164	65.7
8021	45.0
6470	38.8
5785	2.8
9595	41.9
1955	84.8
725	40.8
3183	46.8
2239	16.0
501	2.7
6128	28.7
7597	6.6
5222	79.0
1187	60.0
703	62.5
5805	52.6
2102	57.6
1073	50.6
4146	82.6
6360	93.4
78	49.9
1447	31.7
6805	5.5
2950	18.2
1956	17.8
5228	79.3
7757	61.3
4344	65.0
5528	80.3
5136	24.5
7543	24.5
3833	14.4
9949	65.8
3198	54.7
3582	13.4
7403	6.7
7166	61.0
5324	45.8
4538	47.4
9142	1.4
6276	91.2
8493	89.5
1731	7.2
8055	17.4
6411	8.6
9091	36.9
4752	1.3
177	72.6
8134	85.9
6602	42.5
9132	29.3
7093	60.9
1917	3.6
3820	36.7
7984	53.5
2994	11.4
9959	18.6
3054	59.6
5649	1.7
3399	57.8
948	66.0
4668	67.1
7932	41.3
4629	10.4
8101	52.4
4091	88.8
4126	0.7
6433	11.9
6519	47.3
6788	67.9
4206	56.9
9805	30.5
4071	69.6
5747	58.0
7212	10.8
4440	40.7
9008	32.0
3687	39.4
7116	87.4
10018	27.6
5131	25.4
2850	11.4
1552	4.3
6736	14.4
4489	54.4
555	59.2
6049	52.5
5551	64.5
415	6.6
1042	79.7
8692	35.7
6238	28.0
7280	35.2
3953	36.0
6552	43.3
4760	80.3
9267	7.5
9911	38.5
1406	46.3
9269	4.4
2966	58.7
1140	28.6
2688	97.5
1986	2.0
6134	9.0
9090	82.2
7656	55.6
5734	73.7
4708	50.0
793	98.2
8501	45.3
5297	31.2
1224	93.6
6277	20.9
1836	14.0
7754	61.4
4540	91.0
3673	91.7
2436	74.2
5607	73.5
7610	54.6
9322	56.1
2049	34.2
5482	55.5
1148	53.2
7318	48.3
10155	79.2
6208	88.6
8797	63.9
2276	2.8
7871	31.1
2094	52.9
1510	16.4
3234	86.9
7278	77.2
2944	58.2
217	76.7
5078	60.6
8943	97.0
7326	3.0
3098	65.2
9241	62.0
10049	60.7
265	47.5
7218	47.7
3739	41.6
7033	15.2
9577	43.5
5434	49.2
9682	4.0
7824	27.2
5022	47.7
3867	86.0
8865	92.1
4980	8.4
2919	36.6
5245	81.5
7894	87.9
524	96.4
7085	70.0
338	12.9
7766	61.9
8618	78.7
161	80.6
5322	41.4
1512	96.0
4666	20.6
4681	58.3
13	22.6
10056	74.2
5290	19.2
464	39.9
9296	59.0
5208	77.9
4575	8.2
10078	61.3
1749	8.3
4357	50.3
1838	49.9
8049	28.8
6147	75.1
5602	6.9
5650	98.2
644	96.4
7007	13.7
3536	72.4
7803	23.3
2515	81.2
2131	97.2
8381	90.5
1565	86.1
4942	32.0
7588	65.6
5261	48.3
3023	14.1
6913	12.4
8483	62.5
4369	96.9
3227	93.5
8515	75.1
7433	1.7
1718	17.4
4043	11.4
1708	49.0
1777	47.4
8054	60.2
8271	45.6
7540	84.3
7571	29.9
955	58.7
2957	86.5
4036	67.5
3215	22.4
2309	85.7
2011	63.3
1745	84.4
1277	63.4
3262	100.0
6555	78.9
7466	84.2
3110	40.9
6919	69.0
604	84.1
6450	88.2
9824	29.5
7711	0.9
635	36.5
3365	68.1
1360	69.3
4690	33.7
964	66.3
8554	89.8
5092	82.6
6692	5.0
6785	5.1
884	20.8
1732	38.1
7988	16.4
9065	58.6
4334	57.2
8438	45.2
253	16.4
9832	88.7
2337	5.3
4399	66.4
8754	50.9
611	35.9
5809	34.1
8330	64.1
8613	21.0
8242	2.8
6255	2.3
4355	9.9
3803	23.7
3871	12.7
5133	14.3
2255	60.5
75	4.8
8928	38.8
5465	28.4
4596	9.4
8794	42.7
3226	6.0
5243	43.9
9188	51.9
2735	25.7
6570	72.3
9105	69.9
9533	78.2
3113	24.2
364	12.6
1784	40.1
6963	41.1
5461	72.6
3942	41.0
7578	73.1
3411	35.2
4657	70.6
5337	38.2
1374	3.6
6279	88.1
4114	87.1
619	13.0
1856	65.4
4041	69.8
1455	69.6
9517	83.5
6819	26.6
5604	84.3
4841	47.6
6636	67.8
4918	29.0
5865	9.9
4704	49.3
8223	28.0
8651	83.5
5470	30.9
8386	37.0
7790	4.1
4753	6.5
6812	56.8
5142	32.3
7319	70.2
10010	22.9
8816	71.0
1942	25.3
6022	79.8
4716	30.4
1771	81.9
7199	63.9
8137	99.1
2176	16.9
824	96.4
1395	57.7
4555	98.8
1796	7.7
3197	78.5
8588	97.8
2853	7.8
5708	37.0
9480	32.7
1938	32.1
9547	15.2
4642	13.4
5856	2.4
5587	14.6
2987	3.4
2991	26.6
2081	43.0
3437	45.3
6533	22.6
6477	99.7
202	90.7
3104	13.4
1509	4.1
1869	75.3
8981	53.2
8639	55.0
7108	36.0
6797	39.0
3190	23.1
3917	55.4
1960	89.0
7293	74.5
6922	11.3
6395	91.8
751	74.7
8093	41.8
4422	76.8
1437	7.8
6548	7.8
1871	53.2
4201	41.5
9960	37.5
4294	65.8
291	56.5
2925	97.9
6011	92.9
2791	36.1
1776	8.0
9861	82.6
2174	60.8
2939	86.1
1057	3.2
7284	19.0
360	77.3
3579	61.3
5295	47.4
1973	54.4
5821	52.1
3921	44.5
6264	59.4
8377	85.6
7962	85.1
7651	77.8
8013	3.6
6029	16.7
5661	74.2
3287	80.6
4000	11.2
925	41.3
1316	57.1
3545	90.2
5215	63.0
4152	42.5
2435	66.9
4979	14.5
5388	74.4
2506	52.5
6168	81.3
5389	42.2
6724	29.1
5225	24.9
7423	2.7
9661	23.7
3778	58.3
7384	55.9
7431	54.7
3985	22.2
8452	91.6
2454	3.9
2096	75.6
1433	20.9
7796	81.1
5271	72.6
1541	56.7
7057	80.5
9659	56.2
6463	10.7
5527	31.1
9930	14.2
2035	96.5
3426	63.0
1595	64.1
6114	16.5
3710	24.2
1208	22.0
795	6.0
6823	53.1
945	3.8
3022	65.6
49	50.0
5950	8.7
4030	44.4
3085	50.6
2108	82.1
5987	5.1
8652	11.4
6004	52.8
3404	68.1
9326	30.2
8958	37.6
309	38.5
3576	70.7
1703	16.7
7322	93.1
6036	13.1
5799	15.1
2548	97.1
8119	34.1
8985	86.9
5719	17.1
4669	87.1
3042	80.4
4895	2.3
4283	3.5
6131	53.0
6856	82.4
9683	53.9
8883	27.9
5612	31.1
4234	16.8
5801	65.2
8197	75.1
7822	18.5
7971	70.2
4773	65.8
9265	8.1
7505	46.6
163	85.3
6791	42.5
7532	99.6
7269	20.5
1615	18.0
811	12.3
7016	21.0
5556	61.2
9570	15.4
4839	13.5
8358	18.4
7904	82.1
9551	10.9
5697	13.4
6062	69.4
9978	72.0
953	46.4
638	46.4
2466	86.4
2968	59.5
9597	45.8
8541	17.5
362	43.1
5043	34.5
120	83.1
5369	2.9
1169	13.5
4001	20.6
3448	41.9
3650	42.2
6441	15.7
4741	72.6
5989	1.9
8032	20.9
9522	87.8
9471	10.0
2753	70.3
5040	45.8
7977	56.8
1627	0.3
4814	59.1
7908	93.1
9028	86.0
10075	0.3
9558	20.6
2772	38.5
6177	64.7
4446	24.1
759	14.8
6683	55.2
1078	64.2
8545	85.9
6413	44.8
4765	2.1
4248	28.4
3909	11.6
3204	23.1
9807	89.2
5236	91.9
2517	48.4
807	30.2
1679	90.2
7035	19.4
8917	29.6
7445	52.0
4329	91.1
4832	90.9
1700	76.6
10015	32.3
9877	34.7
172	14.8
2241	69.6
833	78.1
63	61.5
8084	35.6
8669	82.9
4904	6.2
6703	64.6
9032	41.4
1586	88.0
6685	6.7
7473	93.0
8848	40.2
8061	54.3
7972	40.6
6289	42.6
7350	99.9
9187	13.3
6206	71.6
6485	23.7
3100	83.3
4346	72.4
9433	39.9
3527	83.3
9383	45.3
321	23.2
9947	27.0
5328	56.2
129	62.0
3089	50.1
6739	75.6
5849	52.2
9411	68.6
9413	61.1
3535	59.6
4828	17.0
8038	36.2
3565	66.8
5358	74.4
8715	29.3
182	29.5
8458	1.8
6210	43.3
5218	52.1
7295	53.4
9822	4.5
9015	83.3
3029	42.8
9219	19.3
3035	8.8
8075	73.8
4233	30.2
8602	47.7
3316	56.3
10065	58.7
6532	59.3
704	87.0
5905	84.8
8661	46.2
8820	93.9
656	91.5
6713	39.4
3727	93.3
6610	29.4
3149	77.6
9612	77.4
274	54.9
1555	58.6
9855	2.5
433	41.8
2191	91.6
5478	68.7
5109	48.1
5740	11.9
4469	4.5
5592	48.6
4190	17.5
8464	70.1
446	2.0
2951	39.1
1833	77.3
2017	83.8
2849	88.0
10109	55.1
8141	93.8
2543	33.3
1094	90.0
3216	34.6
6156	5.6
9534	85.2
7022	40.5
3219	92.7
8272	9.4
4115	83.7
7981	62.7
7090	62.6
7297	43.8
1238	77.8
840	23.1
6020	93.0
7471	41.5
2445	70.5
1476	81.1
5742	71.9
1878	84.8
2633	64.3
4112	53.8
2765	0.8
1812	75.7
9208	33.1
5060	7.3
9451	71.0
176	21.4
5479	98.6
2811	82.4
4823	9.0
6227	97.1
1545	15.6
5775	65.1
9354	92.1
425	7.2
6109	96.7
7410	98.0
9176	13.8
4156	92.8
9887	43.0
6299	0.2
1292	22.6
8992	33.4
5417	22.6
3855	68.7
8209	84.3
4906	11.8
4243	79.9
6792	95.4
5086	25.5
7462	88.9
546	57.3
5901	82.1
6039	93.4
3555	88.4
958	26.2
1729	67.6
4409	32.0
8301	59.6
10066	38.4
6457	56.8
2540	58.9
4431	93.8
5906	10.6
5695	66.0
1629	29.8
6885	9.1
675	20.1
2321	89.9
5488	65.5
42	56.8
10113	46.5
1929	98.8
766	16.1
5682	24.2
7638	87.2
7147	89.1
7666	97.5
5542	84.5
6498	94.0
346	78.0
5652	9.3
1806	45.0
629	49.7
4216	46.5
3376	30.8
9859	24.1
9603	71.2
48	81.9
1752	31.8
1874	54.9
5796	17.1
4236	0.1
9718	74.4
5104	32.3
437	87.6
10029	34.1
3954	89.0
7128	10.2
2601	47.0
2802	15.8
4217	26.4
3292	95.6
7356	72.0
2184	98.3
435	43.5
6006	60.1
500	63.0
3997	10.1
3768	38.1
5912	99.1
9589	60.8
263	75.9
7820	88.7
4004	81.3
4337	14.0
1861	79.4
2591	6.3
9487	88.0
1608	82.6
9067	38.5
6021	71.0
8143	82.5
4677	80.9
8648	64.8
7792	38.7
489	62.6
7475	19.5
6294	54.8
7611	91.5
2499	3.5
4493	92.5
980	72.1
5331	96.1
4908	81.7
3428	51.0
5357	49.5
2776	3.0
4688	85.1
8292	69.5
5544	51.8
3950	71.1
8297	74.4
9808	57.1
6458	97.2
83	66.6
5034	69.3
4515	49.7
351	82.4
2807	27.4
10135	64.4
7789	3.2
8549	8.8
6668	37.2
1828	34.6
4255	58.7
6270	92.6
6563	35.6
7521	88.4
6509	65.9
2107	3.9
2091	87.1
7187	42.6
1654	21.6
6882	47.7
1153	47.8
10148	47.3
5770	11.8
2480	68.4
5899	78.1
1330	63.3
4474	81.5
533	51.1
5797	66.5
2388	23.7
9197	37.8
737	57.9
718	33.7
4246	15.8
3728	80.5
9042	11.1
2803	16.4
1628	43.6
8933	95.4
1566	24.5
4237	66.0
6634	79.4
9049	83.7
2231	28.9
4764	8.5
9086	66.4
7194	53.3
6093	42.1
721	14.9
5391	19.2
4891	40.8
2036	14.5
9359	19.0
8495	10.7
7663	73.3
10042	13.8
2840	64.5
4460	30.3
1962	8.1
5717	24.7
9815	65.1
6013	11.0
9012	57.7
2367	7.0
2163	16.9
5258	57.6
6476	22.5
6714	86.9
4899	20.8
7912	96.9
3955	68.2
4875	93.3
7157	99.4
10092	63.7
6363	70.1
4075	69.3
783	47.2
7421	81.9
5790	18.3
5473	91.3
10156	65.4
7422	27.8
7694	95.8
1320	72.6
1849	24.9
1857	79.6
9696	40.3
4984	32.3
4963	37.4
7888	63.2
6960	54.2
4040	71.4
7753	62.6
3172	82.7
6140	34.7
6284	39.0
9281	48.8
1080	4.7
8925	90.4
2704	47.1
3514	75.5
7758	72.4
8730	66.5
2871	91.0
2092	19.8
9498	55.4
6088	26.8
9575	29.0
7121	81.7
7160	15.0
9979	12.7
233	16.0
1714	33.7
9829	21.7
3769	39.8
5840	90.8
6217	39.3
9055	23.2
101	51.8
4574	80.9
6347	0.9
2992	51.9
4809	38.2
846	64.6
9698	97.4
3308	29.9
7020	0.2
7333	49.2
2251	39.2
4285	44.5
7682	39.2
4954	51.4
10126	62.0
4284	26.2
7850	31.3
5223	51.2
10102	79.2
2129	80.6
8760	46.2
2597	85.3
4750	77.2
8892	53.4
9327	13.5
2357	83.8
7215	22.2
3495	30.5
3105	41.1
9225	42.5
1763	43.8
3639	25.8
3492	85.7
6001	0.5
1046	9.9
6661	33.5
1358	57.2
2252	99.3
2518	94.2
10071	60.3
864	79.2
3960	57.7
3128	91.9
3401	80.7
8384	54.5
1645	72.0
5957	39.2
3077	39.5
5296	2.5
140	72.9
4871	62.0
6730	14.3
9019	40.9
8176	5.7
1387	96.2
9961	34.5
148	71.7
9456	11.9
3718	27.5
1294	45.9
5541	34.7
4214	3.0
3057	88.1
4069	11.4
662	76.0
4286	51.2
3595	72.2
1327	38.0
2286	96.7
2723	40.1
7583	17.0
6684	75.4
1055	66.5
3883	59.4
1583	96.4
6340	5.8
3575	33.9
6374	8.8
3920	62.9
3443	57.3
6355	13.0
9298	56.3
7019	39.4
9726	3.4
2784	18.3
2612	81.0
5186	65.7
2407	27.5
5217	51.3
6321	41.8
1815	7.1
9750	14.1
10040	42.7
3024	58.3
8127	86.3
5815	54.3
8852	16.4
8129	22.9
6161	87.5
2079	90.2
7890	72.3
6297	9.2
9178	53.3
8849	76.1
5471	97.1
4659	36.2
3001	63.8
9857	91.4
8105	94.9
10025	88.1
6503	51.2
5597	61.4
9083	0.3
4031	15.0
4645	75.1
6528	74.2
7628	42.2
6982	71.4
817	1.3
5788	28.8
2177	46.3
9742	53.8
3352	45.1
5810	1.1
8080	36.4
5032	9.4
7337	94.5
6723	45.3
7764	24.9
5816	22.3
3456	92.0
164	57.9
5068	25.7
5251	71.0
9266	21.6
2312	47.3
4165	59.7
5560	5.9
7310	99.8
6488	76.6
6057	77.4
787	60.8
4151	73.6
8342	84.4
4148	45.3
9845	74.9
515	18.2
4404	59.9
3294	8.8
3763	4.2
107	81.7
7557	68.6
4695	42.9
755	53.1
2472	36.0
8440	50.4
9876	95.9
3556	3.8
7718	86.8
147	48.6
6023	68.5
9724	40.6
9366	43.8
8632	81.5
5299	98.9
6800	6.8
3869	13.1
7514	8.3
3987	73.5
9400	35.0
9390	24.6
4971	19.6
7027	60.0
1923	94.3
8853	72.0
6911	25.5
1357	96.4
5151	24.3
10026	73.4
10124	46.5
7026	20.6
9254	38.5
8899	64.7
3660	40.6
3486	94.8
8677	35.5
2313	4.7
7779	39.1
1222	71.6
6172	6.6
7670	81.8
7330	91.4
1906	76.1
5462	83.5
1862	34.6
10079	46.7
786	78.0
5557	46.0
4892	44.6
5966	27.0
3882	1.5
4965	81.4
6274	82.8
56	26.1
6955	42.3
7188	17.2
1195	1.4
9763	98.9
4119	55.0
473	9.8
9041	28.8
9099	53.9
858	95.2
5886	63.7
10013	9.3
7120	93.8
9552	24.3
1611	65.9
8918	44.9
3260	27.9
9998	29.4
5175	35.5
6056	21.0
1100	18.8
556	85.2
6491	87.0
1303	40.8
7606	56.4
5487	65.0
6686	19.5
7629	71.4
3307	32.8
5415	12.8
3331	47.1
2220	4.1
3636	83.2
9206	27.9
3734	73.7
3544	28.5
6997	28.5
3337	77.8
4024	94.5
7454	34.8
1569	37.8
5472	34.4
10061	2.8
8122	87.5
5647	27.8
1141	95.6
679	11.9
7408	98.0
278	6.3
6494	15.7
7887	37.0
9851	0.6
1497	9.8
6722	75.2
6317	11.3
6269	71.3
2613	71.6
4376	7.1
8991	67.7
2373	47.6
4393	74.9
6209	2.7
9446	23.9
4090	45.5
2037	40.1
6934	60.4
4153	17.5
3143	31.0
7307	100.0
742	19.3
9397	4.6
2848	95.2
1535	74.3
5830	72.3
8113	43.0
9800	92.5
10046	93.6
5213	18.3
8658	14.5
8876	10.9
5707	66.6
8578	65.6
525	57.9
4143	92.0
6344	8.3
6558	81.6
3612	10.5
4320	87.3
2413	69.9
1764	32.5
445	38.5
3363	88.3
2315	98.0
5858	74.6
2202	28.6
3628	80.3
8550	57.6
9521	4.8
4798	45.1
9395	53.3
1587	24.6
2244	18.5
10152	6.7
5705	96.5
2172	81.5
1872	48.6
4651	86.6
950	22.5
761	34.6
6948	97.1
5730	82.8
9262	33.0
1516	40.9
5828	82.5
3922	72.4
2148	34.3
8722	73.4
6508	61.6
8565	11.8
5162	95.5
5879	10.8
8775	43.6
3663	96.7
3974	67.4
942	50.9
3550	60.1
3891	28.4
4622	21.1
7316	77.5
1738	46.1
6316	33.2
3701	70.4
5782	75.7
1488	38.1
5127	40.5
6920	11.8
4897	46.1
2794	46.7
4439	12.6
4696	83.1
6158	11.3
7161	88.4
2639	29.0
3804	53.8
8954	38.5
4142	28.7
915	47.3
5678	77.3
8181	80.0
80	65.4
9143	4.0
6708	12.0
1572	81.0
8942	46.5
3808	69.5
4529	21.4
4733	33.2
8431	21.6
9081	42.9
452	36.0
4175	78.7
45	23.5
8428	17.6
4226	60.1
2923	86.4
694	79.2
750	91.6
3723	62.0
6564	99.8
3081	91.9
1789	66.2
4656	43.3
9613	30.7
1099	84.0
7522	69.7
2363	81.0
9353	36.8
1348	52.6
1681	79.7
7677	74.6
1372	39.0
2788	69.3
1376	94.5
5049	84.3
4341	55.5
354	8.2
6513	89.0
3412	52.0
7683	81.0
4951	70.6
8514	33.9
3395	47.8
1464	3.7
5054	21.4
7270	75.3
6801	84.5
6857	31.0
7126	6.3
4849	19.3
4862	18.8
7049	82.0
534	22.1
8178	99.6
2426	88.5
6393	57.6
4452	67.0
8488	95.4
203	83.6
2221	70.3
7986	41.5
4590	17.9
8394	60.3
6475	61.0
6605	79.6
9116	84.8
9179	51.4
7272	92.6
7700	88.8
5882	26.7
5281	90.1
9827	23.2
6994	23.1
6448	99.5
1797	36.6
5883	27.8
6520	12.2
428	70.2
8788	51.9
4737	98.2
3698	95.6
1097	59.9
8179	96.6
6138	82.3
3725	12.6
7354	52.1
3614	38.3
2118	51.4
2464	70.1
3678	62.0
2759	63.0
2920	5.8
4898	1.2
8484	25.8
8717	17.1
9749	49.8
9697	47.9
2578	43.9
9027	99.5
6772	1.1
6075	3.0
9098	32.2
4728	35.6
2914	28.2
8966	39.4
7533	8.1
8108	96.2
969	3.7
4245	4.5
785	19.5
2856	65.1
8980	20.4
3758	3.0
3904	28.8
9778	27.9
9981	90.4
9765	36.4
10022	21.1
7446	95.1
2921	54.9
5938	46.7
7645	8.0
7105	77.1
654	19.6
1367	93.2
2696	17.5
4924	64.4
3402	52.3
9622	91.9
4087	46.8
374	59.3
8344	39.6
1260	18.2
7444	22.0
6141	22.8
2489	26.1
1110	74.9
1504	64.0
6234	32.9
8425	55.3
7041	56.0
1785	28.1
477	51.7
7055	63.0
5153	77.8
8309	17.6
1890	86.1
3494	47.7
1084	28.6
7371	20.0
9680	64.7
199	73.6
8765	55.2
1743	84.5
1256	3.7
1448	49.3
9853	5.5
7432	17.4
4208	69.3
2846	39.3
7434	40.5
9036	36.4
9582	5.6
2972	12.5
2192	85.1
5932	93.5
9124	88.1
8360	76.2
259	58.1
4314	17.9
2292	23.5
954	47.3
697	24.9
7752	15.8
5595	59.4
781	64.9
3423	80.3
1473	71.5
7891	27.6
1279	23.4
8471	19.6
4933	49.1
1066	91.8
3838	30.1
6943	31.0
1687	17.0
296	40.8
7575	38.0
2963	6.5
7760	18.5
2523	89.3
247	72.2
3937	2.6
2227	72.9
5867	11.3
7641	89.8
1977	85.7
6305	92.7
6540	28.8
8649	10.9
5959	19.6
2792	69.7
9423	36.3
1989	50.0
1964	25.9
440	25.6
6091	93.2
627	38.0
331	28.0
8026	73.8
283	21.5
2816	63.6
6186	51.7
1845	67.1
8640	32.0
4766	28.4
7382	2.6
7046	12.0
1165	19.0
4685	94.0
5106	61.8
2787	40.1
5352	29.7
8415	47.6
4678	88.7
875	75.2
1427	13.6
1997	73.7
1414	30.4
2680	7.3
3184	63.1
6884	10.1
1095	14.4
9039	4.4
3281	88.6
3333	27.1
5583	8.6
5706	77.0
9421	93.2
880	44.7
10118	97.7
7062	77.4
6372	22.0
9634	83.9
7996	70.1
7511	34.0
3444	31.0
8685	3.0
6630	35.8
2415	46.4
6175	96.9
1528	65.8
3192	24.2
7622	4.7
5360	74.6
4803	96.7
5494	56.6
2236	31.3
4920	11.7
9611	13.5
9761	77.8
3996	60.0
2654	39.4
5418	19.9
3558	43.5
8676	99.7
3093	64.8
3351	59.6
1016	2.5
2530	3.5
5248	35.0
322	94.2
1456	50.2
1899	24.6
7244	93.1
4633	1.9
5310	51.6
9684	43.6
8529	89.3
5861	71.4
7074	23.0
3238	71.5
1911	63.2
9375	83.5
9868	38.9
7127	28.1
4135	51.3
3546	15.1
9335	61.8
4887	71.3
3377	51.4
8385	6.2
1011	50.9
7739	66.1
6199	66.0
7539	65.8
6644	7.8
156	54.2
770	80.7
1630	14.9
8699	56.1
1226	82.2
5614	15.0
6845	12.0
4272	63.5
5976	98.9
3191	0.3
7463	41.7
9125	20.7
2330	82.9
8673	82.1
10028	31.8
3323	52.4
9790	95.1
9430	60.2
1668	18.0
3178	3.1
1458	92.9
7852	86.6
2076	57.2
8328	6.2
5875	90.6
1647	77.1
5031	99.1
7267	55.5
9120	70.4
5639	67.6
3153	37.6
8593	1.3
8497	62.6
4934	13.8
5376	63.7
9924	10.1
3390	88.0
6152	72.5
9093	35.8
3469	25.8
6106	70.3
1816	94.0
254	21.6
3600	58.3
1154	15.4
366	90.5
3788	91.0
3744	72.4
6627	53.4
6989	92.8
379	20.3
8809	31.2
3031	58.6
9279	45.8
4910	86.0
4182	22.9
10132	29.3
92	55.9
218	99.1
47	13.1
160	43.7
9893	56.9
434	41.0
6205	39.4
5309	18.2
1264	20.6
2500	69.3
9191	35.0
8761	69.4
8599	91.8
6628	76.8
4974	78.5
6669	39.4
1350	47.9
4047	1.1
9100	58.7
2121	65.6
7861	76.1
9407	67.2
2859	84.2
3853	19.0
9723	16.0
8645	99.0
8206	29.6
7913	14.3
5230	22.1
3461	29.8
9541	66.2
5934	32.0
123	16.3
2860	97.1
9828	24.9
9553	46.3
3097	51.5
4730	33.9
8683	6.2
8162	81.5
4907	32.9
5172	72.0
5164	52.9
5958	44.9
10030	91.9
9631	14.4
3741	11.2
1048	2.4
620	96.3
8296	17.5
9770	23.8
6127	27.9
9504	11.6
7691	4.9
1231	83.0
7854	74.5
9982	93.1
8664	70.6
449	30.8
5075	29.5
7167	75.2
2590	37.0
8370	67.9
7008	65.9
5694	92.8
9997	41.5
3880	61.5
4837	72.4
2814	7.0
588	52.9
9908	77.4
4277	41.3
3420	21.1
5891	60.5
7693	44.3
7563	86.7
8823	51.5
2059	8.5
4747	30.9
9906	43.6
9987	2.9
7831	13.3
1388	34.0
7308	17.3
7535	5.3
671	19.6
9422	73.5
951	36.4
6383	32.0
8408	3.6
2678	61.2
2719	82.3
7541	59.7
5687	15.5
2587	18.6
860	87.2
9160	32.4
7825	47.4
6981	79.3
4364	23.8
5057	51.0
4231	57.1
8118	16.1
775	30.1
5108	27.4
1177	29.1
9527	32.5
219	92.3
1737	88.5
4913	95.6
5431	68.3
2269	7.4
269	76.0
1174	46.1
8769	32.0
4061	54.9
4025	46.0
6583	94.9
479	41.0
1684	78.3
223	95.5
8123	10.4
8643	83.3
9394	54.9
5241	14.3
226	72.6
2637	96.0
5051	52.6
9840	51.9
5746	85.5
4959	8.8
4867	75.1
6330	58.9
206	42.3
4235	79.5
9847	88.7
5145	11.9
1811	7.6
3321	16.0
6606	65.5
2574	57.9
9259	95.8
6480	19.4
7814	83.1
6598	15.8
7599	50.3
9289	53.6
3559	28.9
9519	95.5
301	44.0
8704	72.4
6240	5.5
6198	43.5
4903	61.9
1239	89.7
7343	29.9
4191	4.7
1096	37.9
7791	68.5
2623	98.6
7589	87.9
9102	96.1
1793	2.3
8258	24.9
1114	2.1
9482	83.5
4991	4.6
4154	54.3
9388	40.0
1698	91.9
9539	71.1
796	86.9
4478	93.6
5400	50.8
1196	16.0
3949	25.6
9973	44.8
5004	30.0
3618	69.8
2546	79.3
3811	46.6
1958	29.4
900	49.8
720	70.0
7678	25.6
7291	48.4
7723	16.6
7345	85.6
4009	80.5
6827	63.9
9494	34.4
8614	24.1
736	11.5
5485	18.2
518	42.4
9101	5.2
4254	7.1
1959	49.6
6271	90.9
7918	14.9
8198	7.0
5874	21.4
5082	51.4
1312	27.9
6575	26.5
5274	3.3
8346	52.5
8827	87.2
6251	80.5
612	32.9
2975	39.8
3111	4.3
6495	54.5
4350	98.7
5546	68.1
9736	81.0
5265	7.2
7500	59.3
5926	94.8
453	92.5
3458	73.9
8133	57.2
2584	93.9
3982	53.5
6060	59.1
5752	8.2
5410	7.7
8968	76.6
1421	60.2
9660	29.6
5282	85.5
4176	25.3
6633	24.8
8700	26.5
3762	10.8
7243	41.6
2358	6.2
2342	53.3
3179	48.1
4513	80.4
1622	51.5
6288	72.3
4697	65.3
5044	27.6
9601	59.0
9306	57.3
35	51.2
3629	35.7
4014	21.2
2302	98.2
4894	62.4
6119	88.9
205	33.1
6272	50.3
9445	97.6
2676	19.5
10098	55.0
8378	89.9
4097	2.3
4486	23.2
7945	69.0
1108	67.8
3547	61.8
1920	22.3
1077	81.2
2662	95.9
9173	80.8
10047	40.9
2153	70.9
6765	18.9
4618	16.7
7274	79.2
8897	7.4
5165	42.6
8581	44.2
2450	11.6
4166	12.5
1727	66.5
2555	94.6
7155	55.9
728	4.4
6009	88.2
10117	32.8
4423	11.5
2636	79.4
4322	40.9
6759	15.9
1160	25.0
7731	59.2
919	44.3
4775	4.3
5577	96.3
4050	67.4
3892	85.2
8257	5.0
8236	80.5
571	94.2
312	71.3
348	56.6
1113	44.7
7323	54.7
8319	74.0
9396	71.7
5724	37.6
3865	47.2
6038	44.1
837	42.1
7474	13.6
3364	34.4
2304	20.8
5555	79.0
10050	66.4
1339	81.9
1121	27.2
2471	44.9
2812	56.7
3870	49.0
2669	12.1
5475	29.3
3473	70.6
5921	32.2
5159	91.1
1131	48.9
10127	36.8
1803	45.4
6068	56.6
5406	61.7
8679	13.7
6265	24.6
4449	79.0
689	56.2
1039	29.4
539	33.6
3952	67.6
9114	90.3
865	33.9
2904	85.3
1506	2.5
1733	65.4
7724	66.1
2287	96.6
9009	87.7
7392	70.9
9300	45.1
4950	94.2
3379	59.2
5943	35.5
3964	74.2
1617	60.9
3129	51.2
1525	75.8
9816	50.5
6794	82.8
1837	2.8
6653	35.0
6499	79.1
8249	61.1
4514	72.3
3672	12.2
9066	52.4
1287	8.2
8862	27.2
4524	1.6
3907	33.6
2126	84.0
4755	8.9
4083	63.1
7114	0.7
5167	28.4
7833	93.2
7352	74.2
3619	80.1
3500	87.8
5930	100.0
5524	39.1
8325	67.2
7797	88.3
3873	43.5
94	42.9
1500	73.1
3986	31.9
997	5.3
1885	81.6
4054	7.1
1474	5.2
6559	5.2
6204	77.2
2026	42.3
2666	44.1
8675	71.1
2756	23.0
2052	12.6
2507	24.8
8180	84.4
7676	86.9
672	48.7
7828	18.7
544	50.4
6909	94.4
4625	55.5
6726	9.0
2602	46.0
1310	44.1
4878	20.4
8805	79.6
7252	77.1
9349	34.2
5126	7.4
4663	61.9
210	46.8
8507	17.7
3356	11.1
6213	72.9
8903	74.3
7635	42.9
4227	54.3
651	86.1
801	86.5
5362	1.3
8310	37.2
7963	56.1
4751	72.6
4510	56.9
5275	35.4
2677	79.2
3784	57.6
8955	87.8
531	82.5
2614	26.4
3792	80.0
8505	20.3
426	91.5
5845	79.0
3030	7.3
8151	0.7
4108	78.1
6429	62.4
9507	12.9
1058	75.4
6710	62.4
5907	56.0
1631	39.5
4180	51.2
9883	14.3
3251	56.5
4544	94.8
6189	31.5
9835	48.0
5539	35.2
9565	10.4
9092	66.4
4288	30.2
2369	70.0
3585	60.2
5414	80.2
2127	2.0
7205	36.5
8522	71.6
77	80.9
2537	32.1
4052	40.4
405	5.8
9295	50.5
5683	35.0
7619	68.8
6888	65.6
4754	69.4
2695	62.2
4103	39.7
5423	57.8
3927	48.0
5395	47.1
6115	93.4
3489	85.4
2147	8.5
5771	34.7
277	59.9
6302	85.6
3490	61.2
4721	59.1
5621	25.3
8359	65.9
5581	98.7
6734	56.2
6743	67.6
7584	43.5
3116	78.6
6850	61.0
2528	39.6
9518	71.8
2377	26.7
8124	8.8
5150	18.6
7304	37.4
3530	38.5
2028	58.8
258	49.1
827	3.6
7818	32.5
9695	98.2
1394	24.0
1126	40.4
4594	84.8
5198	32.4
1101	53.4
6220	82.6
2616	43.0
314	38.6
2245	7.4
3278	84.9
4497	55.1
4734	60.5
3164	54.0
8052	19.1
3389	55.0
9621	33.0
9031	37.0
3075	32.3
9999	45.5
8839	83.0
5152	67.8
9604	15.0
9135	13.9
5463	84.3
4453	71.8
7799	18.5
7067	1.3
5416	20.1
209	19.4
4955	97.9
5952	21.6
2692	48.5
7524	17.0
7515	87.1
6472	35.5
5267	2.0
8815	26.0
5757	89.2
4491	94.7
7720	47.5
4070	87.1
3004	68.2
1322	78.9
2226	28.4
4291	36.7
1251	8.6
2729	3.5
6831	73.3
5442	63.9
8813	52.4
7750	37.2
6970	85.5
2758	71.4
4411	10.0
7032	53.1
6814	58.6
3202	89.0
6483	3.3
2111	82.2
3603	15.0
3463	30.7
6682	10.1
6401	75.3
7525	6.4
4694	39.8
4244	67.3
6424	75.0
6638	60.4
250	82.7
3051	95.5
9470	67.0
8734	79.8
7512	54.2
5895	61.3
8004	17.0
4662	65.5
4883	0.6
4221	77.2
4844	77.7
5499	88.2
5210	31.7
1467	45.6
7642	15.3
7282	78.0
7082	93.1
8763	37.4
7153	19.2
7698	7.9
6716	49.1
3872	1.8
4192	37.0
8362	97.0
4459	65.8
9232	57.4
389	79.8
1105	74.4
2405	27.0
488	76.9
1640	77.2
2381	73.4
3773	3.6
2250	54.2
773	64.8
9916	85.0
1692	98.4
7982	65.2
2274	41.1
9053	74.2
302	29.0
2140	30.4
10157	35.9
562	27.7
2880	29.4
1819	74.0
8867	47.2
8082	70.6
5263	99.9
7141	38.8
589	72.5
9848	48.2
2490	58.1
7340	53.3
5866	34.5
4935	61.3
9787	72.8
40	52.5
916	74.9
4658	75.1
2979	32.6
10131	23.4
6903	47.3
4377	41.4
4415	78.0
5568	59.4
7875	98.2
3857	75.8
3915	5.9
4845	9.1
7193	75.5
8413	26.8
5447	98.4
7411	80.5
9115	25.3
1706	93.9
4726	23.5
2141	78.3
705	71.1
9937	85.5
5028	45.9
939	12.4
9136	21.6
1047	40.8
605	95.5
8691	74.3
5522	61.7
8631	69.5
1636	46.3
8742	98.1
3121	79.7
4683	63.0
6144	94.6
3213	66.2
8345	91.9
1888	70.0
8932	1.8
1866	81.9
6166	26.8
1501	59.5
6257	25.7
7662	28.2
3043	49.8
2685	19.5
5334	31.2
7391	82.8
6014	29.6
2579	38.7
476	89.3
497	18.6
9000	37.9
6116	41.8
5041	63.9
693	69.5
4011	69.3
2277	66.8
6852	34.0
3704	42.6
4985	24.6
4222	89.7
5428	35.3
1715	19.8
7749	97.6
7072	41.4
5443	35.7
7369	67.5
3586	65.1
7667	38.3
9951	26.1
7784	72.7
5160	28.0
4384	75.3
5615	47.3
2624	92.6
4296	0.4
895	26.2
7768	47.9
8494	64.2
3181	5.0
800	84.4
1299	59.6
10057	13.5
2015	67.8
6954	86.0
8999	14.3
8869	14.6
2333	30.3
8363	93.1
2569	3.2
300	50.9
2674	51.2
2611	97.6
4132	99.2
9492	25.3
3780	20.1
8300	41.4
5259	98.0
9161	12.9
1841	76.6
5910	8.3
3515	43.5
4706	82.8
4323	66.5
8351	82.3
722	84.2
311	2.4
9268	73.4
9530	54.3
6035	90.2
3898	13.6
2684	84.8
1332	51.8
1775	82.8
9745	18.6
9670	45.7
9708	30.2
9716	17.4
8563	82.2
8831	27.4
244	60.8
1364	18.6
3176	55.9
3408	24.5
7386	64.2
7827	31.4
5497	85.3
2743	28.0
5688	84.0
7590	96.2
6750	83.1
6853	99.9
9941	83.2
6945	4.6
8200	91.6
5870	22.4
343	93.0
4275	36.0
8731	30.9
1082	55.6
3735	3.7
8743	58.0
2493	71.9
9509	19.8
6560	74.0
9560	34.5
6235	26.0
2005	95.6
7206	69.8
4626	37.5
41	68.4
7591	34.6
3578	27.6
8150	92.3
3144	40.1
1333	71.3
1043	50.4
5549	31.1
8444	55.5
3834	69.3
6449	8.7
6095	10.6
2857	66.0
2053	7.6
901	92.3
2291	61.2
7737	85.7
7146	26.0
2323	24.9
2268	18.4
7650	31.6
8843	8.3
5408	49.3
1768	45.2
2808	82.3
505	78.9
7863	97.5
3300	72.6
3069	92.9
326	10.8
9071	39.2
7702	16.8
2538	98.9
7567	25.1
4612	80.8
9666	71.0
9646	47.0
2747	41.2
5715	81.0
9226	26.8
8463	98.1
2098	14.8
1	74.5
10121	50.9
2706	8.8
1184	82.3
3959	38.0
821	59.5
2266	64.2
2222	56.5
3539	20.9
2650	99.0
4327	50.5
7704	74.4
1460	99.2
9246	99.0
6262	23.6
8951	31.0
6425	15.3
9369	61.0
3092	71.1
3409	87.1
1507	69.8
2214	87.0
3038	11.2
3168	82.5
3480	78.5
3325	6.0
8854	20.5
8983	62.5
7928	54.5
3854	23.8
387	76.9
6281	0.5
6979	1.8
657	9.6
237	27.8
4325	13.6
9061	15.0
4735	57.8
7092	75.0
3122	48.6
7469	95.9
2577	21.1
4724	79.0
2799	61.7
9557	89.5
1384	52.7
6957	76.4
9477	39.8
5005	4.6
8237	20.0
7353	26.8
1634	93.9
9485	58.9
8331	31.8
6108	47.0
2228	55.0
6130	67.0
3252	94.2
9439	89.2
3648	85.8
5914	22.3
5300	82.9
4815	53.9
6523	23.5
6427	68.4
7034	27.1
3583	72.0
2551	85.1
809	33.2
4732	53.9
5490	13.2
769	56.7
2484	17.6
2973	49.1
5468	59.4
6315	34.0
6992	93.6
8037	64.3
2157	26.4
8987	92.9
724	11.8
3126	92.1
6368	86.0
1794	21.2
9842	28.8
8172	28.1
9676	12.8
5115	74.7
9371	88.6
115	56.5
10016	20.9
9926	9.5
10119	79.9
1112	19.7
6145	34.0
7528	98.9
1166	95.5
239	66.0
2726	82.8
4921	58.3
7696	55.8
2393	90.0
1875	37.0
10150	65.3
3939	24.3
8902	2.8
8894	71.6
7213	79.2
5623	41.8
9542	88.8
9638	60.7
1690	84.2
6176	22.8
5600	9.4
4139	21.9
6455	16.8
5923	77.8
6008	89.4
9502	46.2
3711	57.8
2168	43.1
7513	80.6
5814	76.3
7450	38.3
6848	52.2
5803	90.9
7498	1.9
812	23.3
7163	2.1
7706	56.0
7728	23.2
8099	22.8
7487	78.1
7156	84.0
6324	70.1
6738	55.4
9768	47.3
1662	60.9
4450	99.5
4033	94.4
3630	84.4
6635	10.8
6392	10.0
914	39.4
5946	98.5
6438	55.0
8335	43.2
6643	55.9
2230	9.5
7930	31.0
9164	52.9
7217	97.9
3654	66.9
9282	5.9
9330	56.9
5811	90.6
9339	41.1
1272	24.4
3068	30.8
3282	86.9
3160	13.3
4120	75.5
10	19.1
2565	66.9
1059	91.4
885	25.9
8140	5.6
1664	29.6
813	88.2
1125	92.3
4330	91.3
4835	61.3
6787	7.5
5315	89.7
4686	62.7
665	26.4
8906	11.2
985	28.6
2136	70.4
5523	84.8
5935	25.0
4359	44.5
2746	18.1
3538	68.4
2069	56.8
9345	22.8
450	49.2
6536	5.8
10041	14.2
9793	34.5
5278	67.9
4591	78.1
1521	76.5
6107	11.9
9277	70.9
5244	60.5
9821	61.6
3549	57.3
5489	3.7
10139	81.0
3094	15.8
5118	94.6
8406	37.9
6064	35.6
3305	75.8
8546	37.8
9802	9.8
10037	53.3
6925	78.6
6247	48.9
8361	73.8
7078	50.5
6655	40.5
1076	85.3
8329	77.7
5085	39.6
5890	9.6
1278	2.0
9497	76.3
2617	6.3
7000	23.1
3817	88.6
6889	3.9
6553	67.9
7412	77.6
6000	46.5
8320	3.5
3393	30.5
6667	6.5
6437	52.7
6980	86.5
8157	76.8
2084	27.2
9804	61.2
3235	48.4
7249	37.9
976	13.9
5392	40.4
8121	35.2
1247	45.0
4093	5.2
9754	55.0
335	79.9
4046	59.6
6377	7.4
9303	89.6
2927	46.6
4035	44.2
9508	96.6
4475	94.4
9700	59.2
4778	97.1
4976	66.3
7725	78.4
5453	83.7
1295	38.4
9186	37.3
3136	43.2
8410	71.7
7069	50.3
4559	39.2
1053	67.8
4034	80.6
683	47.5
8582	79.5
8086	36.7
834	28.5
9409	25.6
6194	9.4
3746	36.8
4972	77.3
2474	17.2
9574	90.3
575	27.5
2119	68.2
7767	90.8
264	52.3
2495	11.5
930	85.8
5564	50.4
8560	52.0
5420	11.5
5738	29.7
6074	3.7
7037	37.7
5409	97.5
5096	74.3
10017	11.5
4360	82.1
10044	35.2
6766	77.7
6352	57.0
7983	65.3
3088	56.5
6542	39.4
6325	1.2
4569	0.1
6990	77.6
4178	28.6
5117	56.1
8808	70.0
6796	67.6
4603	74.4
5364	24.5
6063	87.0
8627	61.1
1288	18.6
757	75.7
4701	65.0
2420	28.1
7011	13.0
7048	64.0
2392	23.7
4727	60.1
7453	93.3
5760	54.6
2016	99.4
8312	99.2
3441	29.7
6053	91.4
9691	50.8
10106	55.5
3747	74.8
7877	91.3
1716	31.1
1216	59.3
9843	22.9
5974	10.2
3161	35.2
8142	62.0
231	39.7
711	93.7
5368	67.7
2894	78.5
1296	35.4
4807	83.2
632	3.6
9454	37.4
6181	1.2
9535	4.0
2232	80.0
9455	1.1
8379	96.2
3635	22.7
4576	33.3
6323	51.7
4161	50.2
2570	93.1
4689	84.2
9593	43.7
7566	84.7
442	16.5
9681	54.6
4242	14.0
3912	45.7
345	88.7
7880	46.5
2200	88.4
2225	69.9
8881	24.6
8314	50.3
5563	89.8
290	63.4
9103	12.0
6674	18.7
8476	4.1
4260	97.2
6431	13.1
4261	97.6
3617	29.3
9401	21.1
6304	28.9
9126	18.1
6165	10.9
2762	21.3
6211	94.4
7113	72.0
4840	17.2
1554	13.1
3928	96.5
9938	52.3
8814	27.3
698	17.4
7363	77.5
4600	33.6
8782	68.7
4670	0.8
7869	8.1
7786	35.3
4385	77.4
4842	95.5
7357	86.6
4081	22.6
764	70.1
2432	12.9
8693	28.0
2659	66.4
9647	16.4
9629	45.5
8587	65.9
8939	37.2
6908	3.2
2698	67.1
5350	25.8
4526	41.3
469	90.3
6435	91.6
1482	11.7
4643	2.7
1649	12.0
842	72.9
917	65.5
9585	82.6
3682	68.8
3061	82.7
5048	23.5
6731	43.4
5399	94.0
2322	43.4
1671	24.0
2237	37.7
4078	92.6
10024	48.1
8313	32.6
6426	17.5
7564	65.1
1020	63.1
5238	83.8
146	7.0
2345	96.8
1941	55.2
8824	32.0
2048	7.1
4640	67.5
979	10.7
6386	98.5
7744	5.8
1240	32.3
4144	12.7
8766	75.2
804	73.6
7503	30.7
6579	25.0
3977	36.8
3584	39.0
8786	32.1
5638	86.9
8726	21.6
3680	55.8
2433	36.9
2301	73.0
9737	4.9
3669	88.5
792	3.5
8120	43.0
9434	4.7
257	46.6
7173	22.3
1074	11.6
4680	21.1
2610	98.6
10051	81.0
5668	16.9
4136	55.7
7785	25.7
6872	7.7
4947	15.7
9894	6.1
9710	32.5
6959	88.2
5714	35.5
1881	10.0
3008	45.3
7542	19.2
10019	42.9
8768	41.9
8929	5.5
8595	22.2
681	18.4
5698	89.2
6578	99.6
581	71.2
1666	91.3
6221	28.7
2027	58.4
5340	15.9
4938	85.2
7232	63.8
8434	74.1
6096	21.1
2810	51.8
10128	47.7
2030	17.4
4799	14.1
9481	48.5
4896	42.5
5026	82.2
486	90.8
474	88.8
3392	80.5
3212	49.7
4039	13.0
1192	59.4
6881	25.5
9438	15.4
5637	5.7
6521	5.0
1882	25.5
2366	62.2
5608	1.3
910	22.9
2736	95.9
8688	59.1
3664	61.0
1036	80.3
2032	54.2
6515	47.6
8160	48.1
3712	34.7
592	70.8
3036	14.1
7546	94.1
9416	25.6
6789	16.5
1411	83.5
7338	36.5
8426	2.6
4777	73.6
5659	40.7
9689	59.3
1262	1.4
369	83.9
5371	62.1
6132	80.9
8474	67.6
1547	1.0
2605	27.2
3049	93.5
8516	30.4
7289	94.5
21	17.7
1747	6.4
8216	50.7
4335	94.2
9415	26.1
2690	58.0
3359	19.4
1982	47.0
5242	52.3
3027	59.8
5960	56.6
4602	7.8
6991	7.2
4930	25.8
1463	33.6
6403	29.9
568	21.8
5676	26.7
9252	35.8
1970	52.9
6275	25.7
8702	95.3
7424	67.4
7859	24.5
3919	88.4
708	53.9
6588	88.1
8851	62.3
1386	19.7
8441	39.0
8846	59.6
4709	41.7
8211	49.1
6122	51.6
3315	32.9
7004	35.8
5072	60.1
5843	26.2
282	7.6
3130	11.6
829	70.6
4779	77.7
1426	65.9
3342	46.9
8863	4.3
9356	25.5
3647	69.2
9614	92.4
3032	13.9
765	81.3
1909	38.1
9155	13.6
6417	37.7
5121	9.9
9753	42.5
9986	86.3
695	22.8
6702	43.9
603	29.3
6662	77.9
2749	96.6
6538	12.0
6632	0.4
622	95.8
9789	17.3
1311	96.1
2941	4.9
8322	93.4
1400	37.6
2710	50.8
7481	44.4
9420	44.6
2913	91.5
7639	68.1
8098	28.7
158	67.4
6546	81.2
2	7.4
3208	18.7
9221	36.1
918	36.4
7255	60.6
4117	12.9
3139	78.7
8343	74.9
116	99.4
4605	53.5
7782	36.7
7607	46.2
3540	84.6
7826	99.2
7296	91.5
5648	88.4
4780	29.3
3479	85.3
4611	54.0
1442	18.4
9128	16.6
118	55.2
9968	50.7
4756	66.6
7873	89.3
1396	73.4
5764	18.4
272	20.6
1248	44.8
4256	43.9
6242	36.4
2588	18.2
9569	87.6
24	15.7
8612	21.8
5407	97.2
6983	15.3
3151	40.6
5402	69.4
5206	33.0
5074	83.6
9352	73.5
7834	71.7
4259	99.8
5224	99.1
4939	98.7
7238	86.2
7489	0.3
1060	80.5
2491	65.0
9020	8.6
6974	84.0
6182	14.3
825	49.0
7023	79.8
6645	5.3
373	79.4
4516	22.4
6541	63.6
9204	79.8
784	62.4
1245	97.4
3993	85.7
9435	81.2
9969	59.3
1730	7.6
1498	90.9
3140	89.0
2120	82.0
6664	69.5
3241	69.7
8513	39.0
9939	77.6
735	48.9
2827	28.2
5832	93.3
8429	7.2
8598	84.8
6157	57.5
2889	68.4
1854	13.5
887	80.1
3702	6.8
6222	71.1
6584	32.5
2339	91.1
4826	90.9
6581	52.5
6780	5.2
3722	43.0
762	71.5
4508	20.1
1597	24.8
5016	15.2
7024	82.4
1606	32.1
7098	66.9
2651	87.9
2663	73.6
7224	12.7
6806	81.2
6802	62.8
1659	64.8
5918	16.4
10116	30.7
3998	23.5
6898	57.1
8871	17.0
3761	92.6
5024	71.2
6350	19.0
4252	32.5
1116	34.4
462	42.0
5128	71.5
6543	17.8
3563	69.6
9272	92.5
4968	8.6
6894	99.5
2434	70.5
2029	87.6
1996	72.2
2210	3.0
4909	70.7
4177	82.2
3771	40.4
9363	10.2
5148	3.9
9831	28.8
907	64.7
4137	54.5
6051	14.8
8547	15.2
4691	12.4
8527	47.3
4793	56.8
6758	23.4
5851	24.9
3223	40.6
3309	84.5
5356	4.4
1907	94.8
7362	92.0
4550	0.2
3899	91.0
10020	97.4
6944	29.2
613	40.8
6346	78.2
1229	99.3
119	96.5
8907	90.2
8274	24.2
7689	55.3
8857	49.3
5076	49.5
7286	58.5
6415	83.4
6104	79.6
8079	38.0
9554	81.7
5424	62.7
3065	99.5
4198	29.8
9325	73.8
3926	24.2
3295	72.7
5553	23.5
2902	10.3
4019	85.0
3460	0.3
1291	78.9
1197	42.7
3661	7.4
7494	8.0
4378	76.7
410	54.3
3368	5.3
5653	27.2
7479	74.4
1155	43.6
4966	43.8
2164	33.9
7151	5.0
7042	59.0
7523	50.9
6839	54.8
5594	40.3
8524	74.3
4434	42.9
6863	14.8
3705	61.1
8953	66.9
6678	28.9
5027	10.1
5454	42.1
6055	93.1
6609	39.7
9404	29.9
1029	13.9
8670	13.8
959	26.9
4931	94.5
1918	35.3
2181	78.0
8226	65.9
8793	90.8
3074	29.7
6699	50.1
5565	41.8
6215	64.9
5761	9.7
3717	36.4
9664	62.8
4016	30.5
2370	16.4
7876	7.7
6971	79.7
470	88.8
7933	66.4
9389	9.5
4215	32.8
183	12.5
6958	74.6
5664	83.9
5984	9.9
4648	74.0
3956	55.6
2929	90.8
8447	93.8
9505	90.4
5480	48.9
8433	38.3
8411	98.5
3288	94.8
3620	72.9
6418	8.3
5847	8.7
251	98.6
407	51.3
270	68.2
9058	16.5
8042	36.1
2303	90.1
1921	60.6
7956	13.6
6748	4.2
3981	73.1
2085	99.2
2858	84.5
2621	53.0
2253	37.6
9458	28.6
4006	69.7
9913	46.2
2744	20.5
2234	81.9
2038	65.9
5677	87.1
3592	74.6
106	79.8
7763	6.0
3361	99.0
357	9.2
1972	3.7
9002	13.6
3200	65.6
981	31.2
1846	32.5
4483	42.0
2033	12.5
1321	14.6
9788	37.9
8192	16.4
4560	13.2
3228	49.2
2494	37.6
5827	2.2
10043	47.6
5532	65.0
7929	18.3
8489	87.8
3211	55.4
9665	29.1
2093	98.7
9624	18.5
1953	58.2
6941	96.1
2346	99.9
8996	45.9
1542	9.4
