10002	1.10
10080	0.41
10120	0.21
10125	0.86
10133	0.65
10135	1.41
11001	1.88
15030	0.29
15034	0.37
15036	1.07
15039	1.23
16008	0.14
16010	0.12
16011	0.21
16012	0.21
16014	0.40
16015	0.49
16016	0.85
16033	0.12
16043	0.12
16045	0.04
16046	0.85
16048	0.33
16049	0.24
16052	0.59
16054	0.13
16216	0.15
16218	0.27
16219	0.51
16225	1.46
16235	0.32
16236	0.30
16237	0.30
16238	0.31
16254	1.31
16259	0.10
17001	0.29
17003	1.06
17021	0.29
17038	0.42
17096	0.30
17174	0.42
18007	0.27
20615	2.56
20616	1.81
20617	2.25
20618	2.03
20619	2.14
20622	2.40
20652	1.56
20653	1.48
20654	1.38
20655	1.72
20657	1.72
20658	1.74
20659	1.63
20661	3.40
20662	2.88
20663	2.69
20664	2.54
20665	4.07
20666	1.71
20667	2.49
20668	0.16
20669	1.69
20670	3.24
20671	1.25
20674	1.56
20675	1.58
20676	1.63
20677	1.65
20678	1.65
20679	6.99
20681	4.17
20682	4.00
20684	3.54
20685	8.93
20686	3.86
20694	5.08
20695	4.25
20696	4.72
20697	2.55
20698	2.55
20699	3.00
20700	4.98
20701	4.07
20702	4.34
20703	4.25
20704	5.87
20705	4.71
20707	1.09
20711	3.11
20712	2.92
20713	2.76
20716	1.32
20717	1.67
20718	1.77
20719	1.20
20723	1.19
20724	1.14
20725	2.11
20726	2.17
20727	2.09
20728	2.05
20731	1.09
20733	0.85
20734	1.80
20735	1.12
20748	13.47
20749	8.06
20750	8.12
20751	2.34
20752	2.41
20754	2.51
20755	0.99
20756	0.85
20757	0.92
20758	0.85
20759	0.85
20760	0.85
20761	4.43
20762	4.15
20763	3.98
20764	4.66
20765	4.24
20766	4.43
20767	2.86
20768	2.65
20769	2.75
20770	2.50
20771	2.76
20772	2.75
20773	1.65
20774	1.64
20775	1.72
20777	1.70
20778	1.65
20780	7.62
20781	5.75
20782	7.46
20785	39.15
20793	6.75
20794	3.51
20795	2.57
20796	1.83
20798	2.02
20801	1.59
20802	1.91
20803	1.10
20816	1.95
20818	5.54
20819	4.02
20820	4.95
20821	4.95
20823	0.79
20826	0.82
20827	0.39
20828	3.16
20829	2.44
20830	3.02
20831	2.74
20832	0.74
20835	2.10
20836	0.83
20837	0.97
20838	1.86
20839	2.39
20840	1.99
20845	6.35
20846	1.61
20847	4.59
20848	2.95
20851	5.95
20854	1.68
20856	1.67
20857	1.65
20860	2.10
20861	2.10
20866	1.48
20867	1.35
20868	0.71
20869	0.72
20871	4.21
20878	1.25
20886	2.47
20892	21.24
20893	3.01
20894	3.71
20897	3.16
20898	2.66
20901	4.65
20902	6.94
20903	5.58
20906	2.95
20910	6.35
20914	3.27
20931	4.98
20932	4.58
20933	3.13
20934	6.93
20935	2.95
20936	3.71
20941	1.37
20954	8.47
20956	1.76
20957	1.45
20960	2.49
20961	1.79
20963	1.82
20964	2.55
20966	1.96
20967	4.11
20969	4.26
20970	4.19
20971	1.42
20972	1.42
20973	0.79
20974	0.75
20975	0.74
20977	1.50
20978	1.61
20979	1.57
20980	1.07
20981	0.96
20982	0.95
20983	0.93
20984	0.38
20985	1.63
20986	1.59
20992	0.55
20996	0.32
20997	4.27
20998	2.66
21000	3.63
21001	4.65
21002	3.40
21003	5.89
21009	1.25
21011	1.45
21012	2.31
21014	0.67
21015	0.66
21018	1.09
21025	1.55
21026	1.54
21027	1.12
21028	1.54
21030	1.19
21031	1.29
21032	1.38
21033	3.19
21034	0.95
21035	4.53
21038	1.24
21039	3.08
21040	1.67
21041	4.36
21042	7.17
21043	2.97
21051	2.05
21054	9.23
21055	10.41
21056	10.09
21058	0.97
21059	0.92
21060	0.95
21061	1.05
21062	0.86
21063	0.93
21064	4.86
21065	4.40
21066	1.52
21067	1.75
21068	1.66
21069	1.73
21070	1.63
21071	1.70
21078	1.25
21080	1.09
21082	1.63
21084	0.50
21086	0.96
21087	0.60
21088	0.41
21089	0.28
21090	0.63
21094	0.99
21095	0.96
21096	0.57
21098	1.68
21100	3.41
21106	3.81
21107	3.81
21108	2.30
21109	5.67
21110	6.27
21111	2.92
21112	3.04
21114	1.92
21115	7.44
21116	6.74
21117	1.57
21120	16.98
21121	1.37
21122	1.37
21123	1.19
21124	1.30
21125	1.32
21126	1.33
21128	10.02
21129	9.28
21131	5.60
21132	5.08
21135	1.88
21136	1.80
21137	4.20
21143	2.44
21144	2.37
21145	1.25
21147	2.05
21154	1.94
21155	3.11
21156	2.36
21157	3.27
21158	0.96
21159	1.03
21160	3.36
21161	1.78
21162	0.98
21163	1.02
21164	3.29
21165	2.15
21166	2.38
21167	0.34
21169	2.23
21171	1.77
21172	2.01
21174	2.69
21175	2.76
21179	1.19
21181	2.42
21186	3.36
21187	2.11
21188	3.83
21189	2.58
21190	1.58
21191	3.07
21192	2.44
21194	1.64
21195	2.83
21196	2.00
21197	1.62
21198	1.44
21199	1.57
21200	1.97
21201	3.16
21202	1.75
21204	1.96
21205	2.80
21206	1.92
21207	1.67
21208	1.23
21209	1.35
21210	1.78
21211	1.73
21212	0.76
21213	0.79
21215	0.92
21216	7.33
21217	12.52
21218	5.85
21219	1.50
21220	1.55
21221	1.36
21222	1.57
21224	1.10
21226	0.93
21228	1.25
21231	1.55
21232	1.64
21238	1.06
21239	1.12
21240	1.11
21242	2.08
21243	2.13
21244	2.05
21245	2.00
21246	4.56
21248	1.84
21249	3.87
21250	3.36
21251	3.58
21253	5.00
21257	11.18
21258	16.59
21259	6.97
21260	3.58
21261	5.11
21262	4.79
21263	2.46
21264	2.34
21265	2.57
21268	0.42
21269	8.95
21270	11.34
21272	1.73
21275	20.36
21277	22.23
21278	2.55
21279	3.95
21280	2.55
21281	3.98
21284	1.99
21285	2.14
21286	2.68
21287	0.55
21288	3.30
21289	1.25
21291	1.03
21292	0.87
21293	2.67
21294	0.84
21306	1.03
21307	1.26
21310	29.95
21311	0.85
21313	1.13
21314	2.78
21316	3.04
21317	6.58
21318	1.29
21319	1.97
21320	2.90
21324	3.48
21326	0.82
21327	1.98
21328	2.24
21329	2.15
21331	14.34
21332	16.09
21333	3.14
21336	2.03
21340	13.33
21344	11.50
21348	3.31
21349	8.46
21351	6.66
21352	5.18
21354	1.58
21355	1.36
21356	1.22
21357	1.25
21358	1.18
21359	10.38
21360	9.08
21361	15.36
21363	6.43
21364	7.30
21365	1.97
21366	5.89
21367	2.20
21368	1.23
21369	2.52
21370	5.78
21371	1.64
21372	1.98
21373	0.85
21374	2.37
21375	8.15
21376	5.91
21377	2.44
21378	2.12
21379	1.84
21380	3.48
21381	2.36
21382	2.01
21383	1.01
21385	1.10
21386	0.55
21389	0.95
21390	1.47
21391	1.50
21392	1.71
21393	1.46
21394	0.60
21395	0.54
21397	1.06
21398	1.25
21399	0.77
21400	0.25
21401	0.24
21402	0.26
21403	0.25
21407	5.44
21408	5.86
21410	8.47
21411	4.89
21412	0.42
21413	1.77
21414	2.10
21415	2.70
21416	3.75
21417	2.98
21418	3.49
21420	3.83
21421	1.38
21422	1.10
21424	5.28
21425	4.64
21426	3.74
21427	3.15
21428	5.41
21429	2.31
21430	4.89
21439	1.57
21441	1.07
21442	1.04
21445	1.25
21446	1.57
21447	1.71
21448	1.91
21452	3.61
21454	0.86
21455	0.86
21456	1.48
21457	1.69
21458	1.82
21459	2.05
21460	2.15
21461	2.43
21462	6.41
21463	5.79
21464	4.25
21465	3.93
21466	3.90
21467	3.99
21468	4.01
21469	3.84
21470	4.10
21471	3.67
21472	4.16
21473	23.76
21476	18.56
21479	4.97
21481	4.09
21484	5.15
21485	5.62
21486	4.04
21488	7.61
21491	1.95
21494	2.58
21495	0.42
21497	0.42
21498	0.42
21499	0.42
21500	0.42
21503	0.42
21504	0.48
21506	0.51
21507	0.53
21508	0.55
21509	0.53
21518	0.48
21519	0.51
21520	0.51
21523	9.50
21524	9.19
21527	8.41
21528	7.61
21530	1.56
21531	2.88
21533	5.27
21534	5.42
21535	2.74
21537	4.45
21538	3.75
21539	5.43
21544	1.11
21547	3.71
21555	2.59
21556	3.31
21557	4.16
21558	3.36
21559	3.12
21561	3.03
21562	1.44
21563	3.20
21564	3.20
21576	2.59
21577	2.71
21578	2.58
21579	2.54
21580	2.89
21581	2.88
21584	1.65
21586	2.50
21587	2.53
21588	2.53
21591	1.26
21592	1.13
21594	4.17
21595	8.47
21609	3.04
21613	3.15
21614	3.27
21615	2.02
21616	1.96
21617	2.42
21618	2.45
21619	1.97
21620	2.04
21621	9.43
21622	5.78
21623	10.36
21624	6.62
21625	8.04
21626	2.26
21627	21.96
21628	21.36
21629	10.40
21630	12.01
21631	8.34
21632	8.20
21633	10.22
21634	0.84
21635	2.26
21636	0.85
21637	1.25
21638	2.56
21640	1.14
21641	1.10
21642	0.50
21643	1.83
21644	1.25
21645	1.65
21647	2.10
21648	1.85
21650	0.50
21651	1.76
21654	0.94
21655	1.69
21656	2.21
21657	7.83
21658	5.44
21661	5.95
21662	8.16
21664	3.73
21666	0.86
21667	14.95
21668	1.66
21669	1.59
21670	1.70
21671	1.71
21672	1.68
21673	1.67
21675	1.13
21676	1.16
21677	1.03
21678	1.01
21679	1.13
21680	1.21
21681	9.95
21682	5.49
21683	3.39
21684	1.25
21686	39.87
21688	3.80
21689	4.27
21690	3.75
21692	3.75
21693	3.33
21694	3.40
21695	3.36
21696	3.28
21698	1.06
21700	3.94
21703	0.49
21704	1.00
21705	1.83
21706	5.00
21707	4.88
21708	4.34
21709	4.67
21710	4.82
21711	5.25
21713	2.49
21714	1.88
21715	3.26
21716	3.38
21717	2.68
21718	1.70
21719	1.06
21720	0.85
21721	1.10
21722	1.12
21723	1.02
21724	0.97
21725	1.13
21726	0.93
21730	5.32
21731	2.37
21733	3.15
21735	12.51
21736	1.61
21738	3.31
21739	2.77
21741	3.82
21742	6.09
21743	3.82
21744	3.04
21745	3.96
21746	1.47
21747	1.51
21749	2.52
21750	2.67
21754	6.61
21755	6.67
21756	6.59
21757	4.95
21758	9.84
21761	29.95
21763	27.46
21769	66.36
21770	5.52
21773	1.77
21774	1.92
21775	1.87
21777	7.95
21781	16.62
21784	11.41
21785	0.95
21786	0.67
21787	1.05
21788	0.90
21789	0.94
21790	1.01
21791	1.50
21792	5.05
21793	4.58
21794	4.91
21801	0.42
21802	0.45
21803	0.45
21804	3.77
21807	0.47
21808	3.54
21809	0.95
21810	0.74
21811	1.00
21812	5.17
21813	4.67
21814	1.70
21815	1.99
21816	1.45
21817	0.56
21818	0.60
21819	0.54
21820	4.96
21821	5.05
21822	1.31
21823	0.94
21824	0.78
21826	1.67
21827	1.25
21828	1.47
21829	0.26
21830	0.47
21832	2.33
21833	2.10
21836	5.04
21839	5.45
21841	4.25
21843	12.46
21844	3.28
21845	1.12
21846	4.10
21847	2.75
21849	3.82
21850	4.31
21851	4.15
21864	2.86
21865	2.56
21866	1.95
21867	1.56
21868	1.74
21870	1.57
21871	1.80
21872	1.65
21873	1.59
21874	1.99
21875	1.82
21876	2.07
21877	1.70
21878	1.09
21879	0.59
21880	0.48
21881	0.68
21882	0.64
21883	0.64
21884	0.76
21888	4.71
21889	1.58
21890	3.83
21891	1.58
21892	1.60
21894	1.82
21895	6.36
21896	2.40
21897	3.85
21898	2.62
21899	0.87
21900	0.95
21901	0.89
21902	0.88
21903	2.50
21904	2.10
21905	1.41
21906	9.56
21907	2.30
21908	2.53
21910	1.65
21911	2.15
21912	4.93
21913	4.36
21914	1.43
21915	1.42
21916	0.55
21917	0.50
21918	0.52
21922	9.18
21925	1.25
21926	1.25
21927	1.25
21928	2.68
21929	2.67
21930	2.78
21931	2.73
21932	2.07
21933	2.06
21934	2.14
21935	2.34
21936	3.69
21937	3.39
21942	1.33
21943	1.29
21944	1.19
21945	1.31
21946	1.01
21947	1.69
21948	1.90
21949	1.81
21955	9.16
21967	0.44
21972	1.68
21973	1.45
21974	2.13
21975	0.62
21976	0.83
21977	0.74
21980	0.40
21981	0.48
21982	0.47
21983	0.45
21984	0.47
21985	0.42
21986	0.43
21987	0.77
21988	1.02
21989	1.15
21990	1.99
21991	2.00
21992	2.05
21993	2.01
22016	83.33
22021	1.74
22023	0.60
22024	0.59
22025	0.55
22026	0.57
22027	0.53
22028	0.54
22029	0.52
22030	0.46
22031	0.52
22032	0.45
22033	0.44
22034	0.58
22035	0.57
22037	0.53
22038	0.42
22039	0.42
22040	0.42
22041	3.66
22042	0.43
22043	0.30
22044	0.26
22045	0.42
22046	0.42
22047	0.42
22048	0.42
22049	0.28
22050	0.42
22051	0.42
22052	0.42
22053	1.23
22055	2.07
22057	1.42
22059	1.60
22060	5.45
22061	10.20
22062	1.55
22063	3.61
22064	2.11
22065	1.05
22066	0.67
22067	2.04
22068	2.35
22069	3.19
22070	4.16
22071	3.80
22072	3.96
22073	4.91
22074	1.40
22075	1.77
22076	1.61
22077	2.20
22078	2.62
22079	2.03
22080	1.97
22081	2.30
22082	1.97
22083	3.75
22084	3.27
22085	3.18
22086	3.35
22087	3.38
22088	3.58
22089	3.50
22090	3.77
22091	0.94
22092	0.57
22093	0.60
22094	1.04
22095	1.14
22096	0.64
22097	0.68
22098	0.95
22099	0.95
22100	1.18
22101	2.24
22102	2.00
22103	1.99
22104	1.58
22105	3.89
22106	5.09
22107	4.20
22108	3.11
22109	5.46
22110	4.04
22111	5.78
22112	6.05
22113	4.39
22114	5.01
22115	2.35
22116	1.47
22117	2.92
22118	5.14
22119	6.31
22120	10.97
22121	6.86
22123	3.00
22124	2.46
22125	10.45
22127	2.23
22128	1.39
22129	1.98
22130	1.75
22131	2.79
22132	1.20
22133	1.29
22134	0.65
22135	0.67
22136	2.29
22137	3.12
22138	5.33
22139	5.71
22141	2.59
22142	1.75
22144	2.57
22145	2.10
22146	1.95
22147	1.63
22148	2.25
22149	2.45
22150	2.27
22151	0.57
22152	0.55
22153	0.54
22154	0.54
22155	0.58
22156	1.15
22157	0.85
22158	3.33
22161	0.59
22162	3.23
22163	1.77
22164	3.53
22165	11.88
22166	11.96
22167	10.75
22168	8.49
22169	10.06
22170	7.72
22171	9.93
22173	3.82
22174	2.58
22175	3.45
22176	3.30
22178	1.65
22179	8.93
22180	11.39
22181	0.99
22182	4.34
22183	5.93
22184	8.43
22185	1.94
22186	3.02
22187	3.93
22188	4.35
22189	4.44
22190	2.18
22191	8.83
22192	9.03
22193	9.22
22194	9.76
22195	2.35
22196	1.22
22197	1.03
22198	2.14
22199	5.26
22200	5.89
22201	4.30
22202	5.64
22203	4.47
22204	3.71
22206	0.83
22207	6.13
22208	1.27
22209	1.19
22210	1.13
22211	1.29
22212	2.81
22214	2.63
22215	8.51
22216	1.12
22217	1.32
22218	4.25
22219	1.18
22220	9.99
22221	10.59
22222	5.44
22223	5.30
22224	3.72
22227	0.89
22228	0.93
22229	0.93
22230	0.79
22231	1.22
22232	1.07
22233	1.29
22236	12.51
22241	1.60
22242	1.95
22243	1.92
22244	2.78
22245	1.17
22246	2.81
22247	1.02
22248	1.04
22249	1.00
22250	1.05
22251	1.52
22252	1.24
22254	1.62
22255	1.19
22256	1.58
22257	1.10
22258	1.32
22259	1.05
22260	1.27
22261	1.12
22262	1.10
22263	1.04
22264	1.03
22265	0.78
22266	0.57
22267	1.09
22268	0.72
22269	1.04
22270	4.37
22271	3.37
22272	3.06
22273	3.25
22274	3.32
22275	7.65
22276	3.31
22277	2.61
22278	7.31
22279	1.41
22280	1.29
22281	7.99
22282	17.17
22283	9.91
22284	2.02
22285	2.04
22286	1.60
22287	1.52
22288	1.60
22289	1.48
22291	1.62
22292	1.59
22293	1.71
22294	1.45
22295	1.90
22296	1.88
22297	1.74
22299	1.71
22300	3.10
22301	3.15
22302	2.72
22303	2.75
22304	3.11
22305	3.00
22306	1.81
22307	2.15
22308	4.21
22309	3.73
22310	2.58
22311	4.03
22312	3.59
22313	3.50
22314	3.95
22315	1.46
22316	1.37
22317	3.65
22318	3.97
22319	0.57
22320	6.25
22321	1.28
22322	1.13
22323	1.95
22324	3.44
22325	5.08
22326	3.45
22327	4.27
22328	3.26
22329	2.06
22331	2.00
22332	1.79
22333	1.87
22334	1.79
22335	0.91
22336	0.63
22337	0.71
22338	0.44
22339	0.44
22340	0.77
22341	2.47
22342	1.83
22343	0.60
22344	0.63
22345	0.60
22346	0.59
22348	1.08
22349	4.12
22350	3.13
22351	2.47
22352	3.30
22353	2.55
22354	4.54
22355	1.21
22356	1.24
22357	5.29
22358	4.30
22359	3.63
22360	3.83
22361	4.42
22362	4.05
22363	3.74
22364	4.05
22365	9.91
22366	9.78
22367	2.41
22371	5.17
22372	5.00
22374	4.76
22375	5.21
22376	4.72
22377	2.42
22378	3.02
22379	3.17
22380	2.67
22381	3.00
22382	2.00
22383	2.15
22384	2.02
22385	2.65
22386	2.59
22389	2.57
22390	2.78
22391	2.87
22393	2.89
22394	2.64
22395	3.32
22396	0.76
22398	0.78
22399	1.32
22400	0.66
22402	0.69
22403	0.90
22405	1.42
22406	1.51
22407	1.28
22408	1.49
22409	1.50
22410	1.42
22411	2.68
22412	2.55
22413	3.34
22414	10.05
22415	7.95
22416	1.59
22417	0.76
22418	1.05
22419	0.60
22420	0.59
22421	0.61
22422	1.03
22423	13.81
22424	15.76
22425	5.71
22426	4.88
22427	6.55
22428	8.19
22429	4.81
22430	5.72
22431	2.31
22432	2.24
22433	2.27
22434	2.12
22435	1.46
22436	0.70
22437	1.02
22438	1.74
22439	0.77
22440	0.45
22441	2.55
22442	6.88
22443	8.72
22444	1.76
22445	3.51
22446	2.81
22447	3.29
22448	3.90
22449	3.25
22450	3.51
22451	4.13
22452	2.33
22453	2.76
22454	3.06
22456	6.55
22457	3.58
22458	3.54
22459	3.53
22460	1.54
22461	10.16
22464	1.93
22465	1.87
22466	2.47
22467	2.86
22468	8.28
22469	1.95
22470	3.28
22471	5.69
22472	6.14
22473	5.06
22474	6.85
22475	5.92
22476	6.88
22477	1.77
22478	1.78
22479	1.78
22480	1.29
22481	1.07
22482	1.27
22483	3.58
22485	14.97
22486	8.63
22487	10.82
22488	2.06
22489	0.54
22491	0.91
22492	0.78
22493	1.91
22494	1.89
22495	3.63
22496	3.03
22497	5.87
22498	6.84
22499	6.79
22500	4.78
22501	14.19
22502	10.19
22503	22.38
22504	22.66
22505	5.65
22507	6.28
22508	4.54
22509	13.11
22510	2.43
22511	2.82
22512	3.32
22513	4.65
22514	2.52
22515	2.60
22516	2.72
22517	2.49
22518	2.67
22519	2.60
22520	0.90
22521	0.91
22522	0.90
22523	0.95
22524	1.62
22525	1.77
22526	14.37
22528	3.36
22529	0.46
22530	0.50
22531	0.49
22532	0.45
22533	0.46
22534	0.51
22535	0.48
22536	0.44
22537	0.49
22538	0.56
22539	0.56
22540	0.52
22541	0.56
22543	0.50
22544	0.53
22545	0.56
22546	0.53
22547	0.63
22548	1.41
22549	1.98
22550	4.44
22551	1.86
22553	1.96
22554	1.91
22555	1.85
22556	1.78
22557	1.89
22558	1.83
22559	1.60
22560	1.42
22561	1.78
22562	1.36
22563	1.35
22564	1.35
22565	1.11
22566	1.05
22567	1.56
22568	4.15
22569	4.27
22570	4.28
22571	1.07
22572	1.06
22573	1.12
22574	1.11
22575	2.20
22576	1.09
22577	0.50
22578	0.47
22579	0.52
22580	5.73
22581	0.88
22582	3.12
22583	3.27
22584	3.10
22585	1.47
22586	1.06
22587	1.04
22588	3.48
22589	3.65
22591	4.39
22592	5.07
22593	1.12
22594	1.17
22595	1.03
22596	1.30
22597	0.69
22598	0.66
22599	0.65
22600	1.07
22601	1.07
22602	1.12
22603	1.07
22604	2.85
22605	16.14
22606	16.31
22607	10.72
22608	0.33
22609	0.41
22610	0.39
22611	5.55
22613	1.01
22614	0.45
22615	0.49
22616	0.45
22617	5.45
22618	10.50
22619	4.65
22620	1.66
22621	1.88
22622	12.37
22623	6.19
22624	9.43
22625	9.73
22626	9.15
22627	9.46
22628	5.62
22629	2.19
22630	2.32
22631	2.60
22632	2.21
22633	2.19
22634	10.24
22635	10.34
22636	8.89
22637	3.07
22638	2.28
22639	2.79
22640	2.52
22641	2.59
22642	2.65
22643	2.18
22644	2.11
22645	2.25
22646	2.04
22647	1.41
22649	5.92
22650	1.91
22651	1.14
22652	1.97
22653	1.95
22654	7.67
22655	150.66
22656	143.65
22659	2.30
22660	9.90
22661	0.97
22662	1.93
22663	2.57
22664	2.86
22665	4.02
22666	3.67
22667	3.03
22668	4.10
22669	3.76
22670	1.63
22671	2.15
22672	2.08
22673	1.49
22674	1.51
22675	1.54
22676	1.63
22677	1.72
22678	1.66
22679	1.72
22680	1.64
22681	1.67
22682	1.59
22683	1.64
22684	1.69
22685	1.55
22686	1.88
22687	11.32
22688	9.14
22689	10.16
22690	8.34
22691	9.33
22692	9.58
22693	1.48
22694	2.54
22695	1.75
22696	2.34
22697	3.78
22698	3.65
22699	3.62
22700	2.59
22701	2.60
22702	2.04
22703	1.75
22704	0.42
22705	0.42
22706	0.42
22707	0.42
22708	0.42
22709	0.42
22710	0.42
22711	0.42
22712	0.55
22713	0.54
22714	0.54
22715	0.52
22716	0.52
22717	0.56
22718	0.57
22719	2.04
22720	5.78
22721	5.38
22722	4.66
22723	4.29
22725	4.74
22726	4.51
22727	4.37
22728	4.56
22729	4.48
22730	4.39
22731	1.51
22732	1.57
22733	1.52
22734	3.50
22735	2.53
22736	2.37
22737	2.33
22738	2.32
22739	2.35
22740	1.13
22741	1.10
22742	3.01
22743	3.64
22744	3.11
22745	2.54
22746	2.51
22747	2.49
22748	2.47
22749	4.11
22750	4.05
22751	4.23
22752	9.77
22753	0.97
22754	1.00
22755	0.98
22756	1.43
22757	1.53
22758	1.49
22759	2.04
22760	14.55
22761	25.40
22762	17.48
22763	11.26
22764	31.20
22765	19.87
22766	3.20
22767	10.25
22768	10.86
22769	34.78
22770	16.21
22771	1.56
22772	1.66
22773	1.52
22774	1.58
22775	1.72
22776	11.32
22777	10.52
22778	4.76
22779	4.19
22780	4.19
22781	9.70
22782	19.36
22783	14.62
22784	5.60
22785	7.30
22786	7.62
22788	11.91
22789	2.15
22791	1.50
22792	1.15
22794	9.00
22795	8.08
22796	10.40
22797	18.72
22798	3.73
22799	8.71
22800	4.92
22801	4.67
22802	18.76
22803	38.97
22804	3.17
22805	1.67
22806	3.39
22807	3.75
22808	3.59
22809	3.48
22810	3.58
22811	3.83
22812	2.80
22813	2.65
22814	0.49
22815	0.49
22816	0.46
22817	0.48
22818	0.46
22819	0.47
22820	0.61
22821	0.70
22822	6.43
22823	118.08
22824	35.68
22825	8.42
22826	115.39
22827	156.03
22828	156.43
22829	10.83
22830	21.77
22831	3.32
22832	11.48
22833	56.51
22834	2.21
22835	5.86
22837	5.55
22838	17.06
22839	18.39
22840	8.34
22841	8.42
22842	7.18
22843	7.24
22844	10.77
22845	7.80
22846	17.62
22847	17.33
22848	18.10
22849	16.86
22851	1.00
22852	4.63
22853	3.63
22854	5.38
22855	1.52
22856	3.76
22857	1.32
22858	1.93
22859	1.91
22860	1.95
22861	2.01
22862	5.40
22863	3.28
22865	2.35
22866	2.33
22867	2.39
22868	2.99
22869	3.16
22870	3.23
22871	3.26
22872	3.19
22873	3.05
22874	2.94
22875	2.91
22876	2.94
22877	2.60
22878	3.41
22879	2.87
22880	3.26
22881	3.22
22882	3.00
22883	3.25
22884	3.09
22885	3.06
22886	2.88
22887	2.97
22888	3.16
22889	3.54
22890	11.14
22891	5.64
22892	1.24
22893	0.63
22894	10.17
22895	3.59
22896	3.19
22897	1.80
22898	2.55
22899	2.44
22900	3.71
22902	2.65
22903	3.03
22904	3.35
22905	2.79
22906	2.04
22907	0.99
22908	0.97
22909	0.99
22910	3.36
22911	3.23
22912	5.28
22913	5.54
22914	5.49
22915	1.15
22916	0.85
22917	0.84
22918	0.85
22919	0.84
22920	0.85
22921	0.84
22922	1.72
22923	0.98
22924	1.33
22925	6.49
22926	6.27
22927	6.65
22928	7.72
22929	64.06
22930	3.07
22931	2.83
22932	2.70
22933	3.47
22934	3.22
22935	3.79
22936	4.30
22937	2.91
22938	2.09
22939	5.98
22940	4.53
22941	9.86
22942	8.34
22943	6.18
22944	1.31
22945	2.15
22946	18.03
22947	13.14
22948	1.65
22949	1.71
22950	1.58
22951	0.67
22952	0.76
22953	1.36
22954	1.38
22955	2.31
22956	2.21
22957	3.11
22959	0.42
22960	5.01
22961	1.90
22962	1.04
22963	1.07
22964	2.52
22965	2.34
22966	1.45
22967	3.01
22968	11.85
22969	1.79
22970	2.72
22971	2.77
22972	1.97
22973	2.02
22974	2.02
22975	1.54
22976	1.50
22977	1.48
22978	4.31
22979	1.81
22980	1.91
22981	1.86
22982	1.63
22983	0.52
22984	0.48
22985	0.42
22986	0.42
22987	0.42
22988	1.49
22989	3.68
22990	5.28
22991	2.26
22992	2.26
22993	1.49
22994	0.52
22995	0.54
22996	0.53
22997	0.49
22998	0.49
22999	0.48
23000	0.52
23002	0.52
23003	0.42
23004	0.60
23005	0.52
23006	0.52
23007	15.94
23008	16.16
23009	15.99
23010	16.31
23012	4.61
23013	4.66
23014	4.84
23015	8.61
23016	8.63
23017	12.75
23018	12.90
23019	8.08
23020	12.94
23021	4.43
23022	2.04
23023	1.75
23024	2.97
23025	2.27
23026	2.32
23027	2.22
23028	1.92
23029	1.83
23031	1.82
23032	1.77
23033	1.81
23034	1.62
23035	1.64
23036	1.32
23037	1.89
23038	1.33
23039	2.38
23040	6.28
23041	4.60
23042	7.34
23043	7.33
23044	4.30
23045	4.47
23046	6.81
23047	5.75
23048	4.63
23049	8.91
23050	9.22
23051	9.62
23052	9.78
23053	9.80
23054	9.51
23055	5.24
23056	5.85
23057	4.51
23058	1.23
23060	2.22
23061	1.53
23064	43.92
23065	12.97
23066	8.91
23067	4.34
23068	2.58
23069	6.44
23070	5.09
23071	10.54
23072	13.16
23073	12.41
23074	2.60
23075	4.24
23076	1.35
23077	1.34
23078	1.43
23079	8.94
23080	9.30
23081	9.37
23082	4.08
23083	4.23
23084	2.38
23085	10.75
23086	1.51
23087	1.59
23088	1.63
23089	2.36
23090	0.98
23091	6.70
23092	8.08
23093	2.78
23094	12.81
23096	2.02
23099	7.01
23100	1.42
23101	0.97
23102	0.97
23103	1.84
23104	12.86
23106	2.94
23107	3.20
23108	6.44
23109	3.26
23110	6.57
23111	13.36
23112	9.03
23113	6.23
23114	5.43
23115	5.80
23116	6.18
23117	5.58
23118	8.34
23119	0.78
23120	0.46
23121	0.55
23122	1.03
23123	1.01
23124	1.75
23125	1.91
23126	5.36
23127	5.25
23128	5.26
23129	4.57
23130	4.52
23131	4.20
23132	6.20
23133	9.16
23134	7.91
23135	5.68
23136	4.03
23137	3.98
23138	1.59
23139	1.60
23140	4.53
23141	4.24
23142	11.05
23143	9.93
23144	0.94
23145	1.08
23146	3.49
23147	1.52
23148	0.91
23149	2.70
23150	2.93
23151	2.25
23152	3.95
23153	4.23
23154	2.20
23155	1.40
23156	2.26
23157	2.36
23158	2.66
23159	2.31
23160	1.48
23161	1.59
23162	4.42
23163	3.32
23164	5.57
23165	1.95
23166	1.46
23167	0.99
23168	1.75
23169	4.66
23170	2.06
23171	2.12
23172	2.05
23173	11.05
23174	4.76
23175	3.85
23176	2.64
23177	2.69
23178	3.31
23179	3.52
23180	5.92
23181	9.37
23182	1.51
23183	4.84
23184	6.43
23185	0.35
23186	0.35
23187	0.33
23188	1.93
23189	3.39
23190	1.80
23191	1.87
23192	1.77
23193	2.70
23194	2.69
23196	1.79
23197	1.93
23198	1.79
23199	2.56
23200	2.42
23201	2.38
23202	2.29
23203	2.27
23204	1.12
23205	1.14
23206	2.05
23207	1.98
23208	1.93
23209	1.82
23210	1.46
23211	1.56
23212	1.49
23213	1.48
23214	2.38
23215	2.26
23216	1.45
23217	1.54
23218	1.57
23219	1.53
23220	1.08
23221	1.07
23222	1.04
23223	1.08
23224	1.03
23225	1.08
23226	1.57
23227	1.57
23228	1.78
23229	4.23
23230	0.42
23231	0.42
23232	0.42
23233	0.42
23234	3.37
23235	2.96
23236	3.25
23237	4.24
23238	4.72
23239	4.37
23240	4.43
23241	2.47
23242	2.27
23243	5.79
23244	2.08
23245	5.84
23247	3.27
23249	1.86
23250	1.45
23251	1.40
23252	4.02
23253	17.12
23254	4.26
23255	4.34
23256	4.45
23263	1.44
23264	1.49
23265	1.47
23266	1.45
23267	1.41
23268	1.69
23269	1.71
23270	1.50
23271	1.05
23272	1.92
23273	1.87
23274	2.00
23275	1.47
23280	1.06
23281	0.98
23282	1.26
23283	8.65
23284	8.76
23285	1.07
23286	1.03
23287	1.03
23288	1.04
23289	1.53
23290	1.43
23291	1.52
23292	1.52
23293	1.06
23294	1.08
23295	1.11
23296	1.52
23297	1.83
23298	5.51
23299	4.35
23300	1.90
23301	1.94
23302	1.88
23303	1.95
23304	1.95
23305	1.95
23306	1.80
23307	0.68
23308	0.69
23309	0.74
23310	0.48
23311	2.96
23312	4.45
23313	5.54
23314	13.58
23315	10.75
23316	11.09
23317	11.21
23318	2.73
23319	2.64
23320	2.80
23321	1.75
23322	3.13
23323	2.25
23324	2.20
23325	1.80
23326	2.61
23327	0.78
23328	4.82
23329	1.76
23330	1.36
23331	0.78
23332	1.76
23333	1.33
23334	0.79
23335	2.32
23336	2.60
23337	2.29
23338	2.34
23339	2.51
23340	1.96
23341	9.93
23342	8.83
23343	2.41
23344	2.41
23345	1.50
23346	1.51
23347	1.55
23348	2.55
23349	1.54
23350	1.46
23351	1.51
23352	1.51
23353	1.00
23354	0.97
23355	5.26
23356	6.20
23357	4.97
23358	4.18
23359	1.99
23360	2.06
23365	0.79
23366	0.81
23367	0.75
23368	0.78
23369	1.50
23370	1.53
23371	1.51
23372	1.61
23373	0.91
23374	0.87
23375	0.93
23376	0.51
23377	0.56
23378	0.46
23379	0.54
23380	0.48
23381	0.47
23382	4.65
23388	4.63
23389	4.52
23390	4.38
23391	4.61
23392	2.68
23393	4.45
23394	4.93
23395	4.84
23396	4.76
23397	11.54
23398	1.04
23399	1.10
23400	6.85
23401	7.06
23402	4.44
23403	4.36
23404	5.94
23405	5.94
23406	7.09
23407	10.65
23408	2.08
23409	3.81
23410	8.03
23411	5.83
23412	7.72
23413	6.24
23414	10.07
23415	1.46
23416	1.76
23417	1.60
23418	2.56
23419	2.66
23420	2.33
23421	2.50
23422	2.78
23423	4.50
23424	6.17
23425	3.07
23426	3.33
23427	12.94
23428	9.86
23429	8.89
23430	8.62
23431	1.32
23432	1.35
23433	1.48
23434	0.88
23435	0.90
23436	1.44
23437	1.42
23438	1.37
23439	2.22
23440	2.02
23441	0.42
23442	2.08
23444	15.19
23445	0.87
23446	1.58
23447	1.60
23448	1.65
23449	1.25
23451	2.27
23452	2.07
23453	1.99
23454	4.49
23455	2.87
23456	4.12
23457	5.10
23458	14.95
23459	12.50
23460	9.91
23461	4.52
23462	20.49
23463	11.21
23464	6.21
23465	8.77
23466	10.02
23467	4.37
23468	8.25
23469	4.63
23470	6.74
23471	10.15
23472	16.06
23473	0.95
23474	1.04
23475	0.96
23476	1.47
23477	1.72
23478	1.51
23479	8.26
23480	4.41
23481	1.28
23482	1.77
23483	2.32
23484	3.67
23485	24.55
23486	17.67
23487	10.32
23489	3.22
23490	3.96
23491	8.46
23492	8.55
23493	2.15
23494	6.76
23495	1.72
23496	1.56
23497	1.62
23498	1.65
23499	0.48
23500	1.38
23501	1.49
23502	1.30
23503	1.28
23504	1.35
23505	1.35
23506	0.46
23507	0.47
23508	0.46
23509	0.48
23510	0.50
23511	2.32
23512	2.31
23513	2.30
23514	2.35
23515	2.39
23516	3.85
23517	3.45
23518	3.09
23519	4.48
23520	3.96
23521	4.20
23522	3.68
23523	3.93
23524	4.32
23525	4.15
23526	8.22
23527	3.98
23528	4.78
23529	4.34
23530	5.57
23531	7.66
23532	5.30
23533	6.17
23534	7.52
23535	7.41
23536	6.78
23537	6.94
23538	5.75
23539	6.59
23540	8.42
23541	9.70
23542	9.73
23543	8.53
23544	7.56
23545	0.42
23546	0.42
23547	0.42
23548	0.42
23549	0.42
23550	0.42
23551	0.51
23552	2.26
23553	13.29
23554	13.03
23555	12.88
23556	12.61
23557	13.18
23558	13.09
23559	2.85
23560	3.52
23561	3.41
23562	3.27
23564	1.76
23565	1.83
23566	1.76
23567	1.81
23568	1.74
23569	5.29
23570	1.43
23571	1.89
23574	7.50
23575	2.58
23576	2.40
23578	2.42
23579	2.59
23580	2.20
23581	2.25
23582	2.21
23583	1.80
23597	3.17
23598	3.23
23601	2.49
23602	2.91
23603	2.49
23604	1.66
23605	2.91
23607	1.66
23608	2.91
23609	2.91
23610	2.08
23611	2.49
23612	1.66
23613	2.49
23614	3.33
23615	2.49
23616	2.49
23617	2.91
23619	2.49
23620	2.49
23621	2.49
23623	2.91
23624	2.49
23625	4.99
23626	2.49
23627	2.49
23628	2.91
23629	2.49
23630	2.82
23632	2.08
23633	2.49
23634	2.91
23635	4.16
23636	2.91
23637	2.49
23638	2.91
23639	3.33
23640	2.49
23643	3.33
23644	3.33
23645	2.49
23646	2.49
23649	2.49
23650	2.49
23652	2.91
23654	2.49
23660	2.19
23661	2.17
23664	1.65
23681	1.86
23691	0.42
23692	0.42
23694	0.59
23695	0.50
23697	0.52
23702	8.50
23843	2.08
35241	5.91
35265	2.29
35400	8.80
35443	0.85
35645	4.25
35646	2.04
35647	1.25
35648	1.45
35649	2.70
35650	4.95
35651	2.88
35653	3.35
35832	2.95
35914	1.10
35920	1.99
35921	2.95
35922	4.95
35923	0.77
35924	2.49
35933	0.65
35953	0.60
35954	0.85
35957	1.40
35958	0.85
35961	1.13
35964	0.84
35965	2.37
35966	0.38
35967	0.73
35968	0.44
35970	2.40
35971	1.80
35972	1.25
37327	1.62
37330	0.39
37333	5.61
37340	2.63
37342	1.54
37343	2.21
37351	0.82
37370	5.21
37413	0.41
37423	0.54
37446	1.75
37447	2.07
37448	1.77
37449	9.84
37450	3.58
37461	1.25
37464	1.25
37467	1.44
37468	0.90
37471	2.78
37474	9.95
37475	9.83
37476	11.49
37495	3.99
37500	7.24
37501	6.68
37503	10.75
37509	2.55
40001	1.04
40003	1.64
40016	2.28
44228	0.85
44234	0.41
44235	0.42
44236	1.34
44265	4.25
45013	2.95
46118	2.81
47016	2.10
47420	0.19
47421	0.42
47422	0.42
47469	0.64
47471	0.98
47480	2.41
47481	1.05
47566	5.78
47579	2.10
47580	3.28
47589	5.45
48111	9.59
48116	9.64
48129	8.75
48138	8.88
48184	8.63
48185	10.09
48187	8.46
48188	8.81
48189	16.71
48194	9.24
51008	3.43
62018	1.81
70006	1.72
70007	2.10
71038	5.40
71050	0.35
71053	4.78
71143	1.64
71215	0.42
71270	1.68
71279	3.59
71403	4.46
71459	0.94
71477	3.96
71510	0.81
72122	1.19
72127	1.28
72128	0.90
72130	0.74
72131	1.90
72132	1.95
72133	1.46
72134	0.99
72232	0.19
72586	0.64
72598	1.27
72709	0.85
72741	1.59
72780	0.85
72783	2.10
72811	1.82
72812	3.76
72815	5.32
72816	1.91
72817	1.24
72818	0.77
72819	2.92
72821	1.65
75011	0.80
75131	1.80
75172	1.53
75178	1.34
77079	2.12
78033	5.61
78124	1.33
79000	1.00
79067	5.87
79160	2.09
79163	0.52
79164	0.68
79320	4.95
79321	6.77
79329	1.01
79331	0.80
79336	0.38
79337	0.61
79403	1.06
79406	0.37
82095	5.32
82482	3.09
82483	6.90
82484	8.42
82486	9.10
82551	1.76
82552	1.66
82567	2.01
82578	0.75
82580	0.83
82581	0.73
82582	2.39
82583	2.92
82599	2.89
82600	2.54
82605	2.10
82615	2.55
84006	1.05
84012	1.24
84016	0.62
84033	1.65
84050	2.15
84051	0.87
84077	0.32
84192	1.25
84199	0.21
84212	0.89
84218	1.92
84226	0.83
84227	0.42
84228	0.54
84231	0.73
84270	0.21
84306	8.88
84347	3.39
84352	17.45
84356	6.08
84358	10.54
84360	6.55
84375	2.51
84378	1.62
84380	1.71
84388	1.02
84422	0.92
84452	0.85
84457	0.99
84461	2.55
84462	1.25
84465	2.95
84466	1.25
84497	3.75
84499	0.85
84522	1.82
84527	2.14
84539	1.65
84548	1.65
84549	2.56
84550	1.65
84551	1.65
84568	0.39
84576	2.98
84580	3.86
84581	3.84
84584	2.30
84592	3.60
84593	2.95
84598	0.38
84600	9.39
84609	9.58
84616	37.68
84617	12.75
84620	5.95
84629	9.59
84631	8.63
84632	59.95
84637	5.30
84638	6.67
84658	7.28
84665	5.95
84666	3.95
84674	3.25
84675	2.95
84678	2.69
84679	11.95
84683	1.51
84685	5.84
84686	2.95
84687	7.64
84688	5.95
84689	3.98
84691	0.75
84692	0.68
84715	2.95
84723	3.95
84725	1.24
84731	1.02
84744	1.38
84746	2.60
84748	3.24
84754	1.74
84755	0.73
84763	1.42
84766	3.36
84773	2.95
84789	4.03
84792	5.51
84799	0.97
84813	10.36
84816	39.95
84817	1.50
84818	1.36
84819	2.28
84820	3.85
84821	0.63
84823	7.95
84824	15.95
84826	0.59
84827	0.49
84828	1.63
84832	1.09
84836	1.36
84839	5.55
84840	12.13
84842	3.75
84843	6.56
84847	3.75
84854	4.95
84865	7.02
84879	1.72
84880	7.72
84881	7.26
84882	4.37
84905	4.96
84906	4.62
84907	6.11
84915	3.89
84916	3.95
84917	3.98
84919	6.53
84920	4.16
84921	3.75
84922	4.92
84923	4.15
84929	0.30
84944	2.04
84945	0.97
84946	1.52
84947	1.46
84949	1.83
84950	0.81
84969	4.66
84974	9.95
84975	1.69
84976	1.40
84977	1.25
84978	1.47
84987	1.98
84988	2.14
84990	0.55
84991	0.69
84992	0.68
85006	1.55
85008	5.17
85015	1.31
85016	2.02
85020	2.57
85030	1.95
85038	2.53
85042	4.95
85045	4.89
85047	6.15
85048	9.18
85053	2.58
85054	3.45
85055	5.15
85059	4.09
85062	1.79
85063	15.95
85064	6.57
85065	12.75
85066	14.19
85067	18.55
85068	7.95
85078	1.00
85084	0.85
85087	3.48
85088	2.38
85089	2.95
85092	2.30
85093	0.89
85094	0.69
85095	1.82
85096	4.66
85103	7.25
85104	3.21
85106	2.27
85107	2.52
85109	0.85
85111	0.49
85116	1.48
85118	1.49
85119	3.36
85125	5.19
85126	10.16
85127	6.89
85141	5.59
85144	3.88
85145	5.21
85146	4.42
85150	3.07
85152	2.35
85161	17.95
85172	0.67
85173	2.90
85174	6.94
85175	0.97
85176	1.20
85177	1.03
85178	1.39
85187	1.88
85189	0.85
85195	2.10
85197	2.10
85198	1.09
85200	1.25
85202	0.54
85203	0.57
85204	0.33
85208	2.07
85211	1.76
85212	0.51
85213	0.81
85214	1.67
85215	0.98
85216	0.65
85224	2.10
85225	1.08
85227	1.11
90020	12.48
90021	11.95
90022	3.76
90023	4.22
90028	8.38
90029	8.41
90031	2.41
90032	5.86
90033	2.50
90034	10.09
90041	3.69
90043	7.46
90046	4.95
90048	4.95
90049	8.29
90050	6.97
90051	7.04
90052	7.07
90053	2.50
90054	2.51
90055	2.51
90056	10.88
90057	1.35
90062	12.66
90068	7.50
90069	7.50
90070	6.16
90071	1.24
90072	4.08
90073	5.01
90074	9.43
90075	9.36
90076	2.78
90077	2.94
90078	7.50
90079	4.99
90083	1.47
90084	0.85
90085	1.48
90086	1.50
90087	1.49
90089	1.20
90092	1.66
90093	1.19
90094	2.55
90096	2.48
90098	2.55
90099	2.86
90100	2.55
90101	2.51
90102	0.85
90103	2.50
90104	0.83
90108	1.70
90112	1.05
90114	2.48
90115	2.49
90116	2.42
90118	2.48
90119	2.47
90131	7.01
90132	5.05
90133	4.98
90134	2.91
90135	4.96
90136	9.95
90137	5.44
90138	5.37
90140	7.56
90143	7.66
90144	3.74
90145	6.03
90146	7.19
90147	10.18
90148	12.72
90149	7.21
90151	8.50
90154	8.61
90155	7.52
90156	4.95
90157	4.97
90158	4.99
90159	4.97
90166	4.18
90167	0.85
90168	2.91
90169	2.51
90170	1.65
90173	3.77
90174	2.50
90188	2.52
90191	9.73
90192	4.99
90194	4.24
90204	3.34
90208	2.50
10123	0.65
10124	0.42
15044	3.58
15056	7.55
15058	9.45
15060	5.06
16020	0.83
16151	1.25
16156	0.42
16161	0.40
16162	0.54
16168	0.63
16169	0.42
16202	1.13
16206	1.25
16207	2.73
16244	1.23
16248	1.25
16258	0.59
17007	2.10
17011	1.57
17012	1.85
17013	1.25
17014	0.95
17028	0.42
17084	0.32
17090	1.22
17091	0.72
17107	2.55
17109	0.90
17129	1.36
17136	0.10
17164	0.42
17165	1.05
17191	3.75
18094	1.96
18097	3.04
18098	3.94
35001	3.63
35004	5.78
35095	0.67
35271	0.19
35471	0.91
35591	1.25
35597	0.81
35598	1.72
35599	3.77
35607	0.35
35609	2.51
35610	1.88
35637	5.29
35638	4.47
35809	2.17
35810	1.64
35815	0.72
35816	0.38
35817	1.46
35818	0.64
35819	0.52
35833	2.30
35909	2.95
35910	1.95
35911	1.00
35912	1.68
35913	1.07
35915	1.05
35916	0.80
37379	1.25
37444	2.04
37462	0.64
37479	1.92
37482	2.65
37487	0.29
37488	0.39
37489	0.57
37491	2.68
40005	0.85
40046	1.25
44089	0.42
44091	0.42
44092	0.85
44242	0.91
46000	1.51
46115	0.19
46126	1.55
46138	1.01
46775	11.51
46776	4.21
47013	0.36
47021	1.90
47310	1.57
47341	1.41
47343	0.97
47344	0.97
47348	0.70
47351	2.87
47367	3.40
47369	3.10
47503	0.77
47504	1.61
47518	0.75
47556	2.33
47559	1.62
47563	2.56
47567	6.30
47570	12.03
47574	1.92
47578	1.14
47585	4.85
47586	2.55
47590	5.89
47591	2.39
47593	0.69
47594	1.91
47599	2.24
48173	8.50
51014	0.67
51020	0.59
62043	0.83
62074	0.42
62086	1.95
62094	4.08
62096	1.25
62097	0.83
71101	0.83
71406	0.42
71495	0.63
71496	0.96
72024	0.21
72051	0.66
72140	0.85
72225	0.28
72349	3.16
72351	2.40
72369	1.65
72760	11.05
72798	1.65
72799	2.82
72800	2.59
72801	2.06
72802	4.42
72803	4.35
72807	5.48
75013	1.65
75049	1.61
77101	1.34
78034	1.95
79026	0.49
79030	1.68
79051	0.38
79062	0.38
79063	0.20
79066	1.11
79071	2.95
79144	0.74
79149	0.42
79151	0.42
79157	0.85
79161	2.95
79190	0.60
79191	0.92
79192	1.25
79302	3.55
79323	6.75
81950	0.39
81952	0.19
81953	0.19
82001	4.92
82011	3.69
82494	3.56
82613	1.45
82616	1.93
84029	5.15
84030	5.33
84031	4.61
84032	3.32
84078	44.85
84086	2.97
84201	0.19
84206	0.19
84247	1.95
84249	0.66
84251	0.44
84279	4.67
84313	5.00
84341	0.68
84387	1.95
84402	0.79
84406	4.30
84415	2.25
84429	3.87
84459	2.13
84507	3.05
84508	2.63
84509	4.69
84510	1.86
84519	2.42
84520	1.10
84531	0.72
84534	1.32
84535	0.87
84536	0.55
84558	3.26
84559	1.22
84562	7.95
84563	4.30
84569	1.37
84575	4.35
84595	2.78
84596	0.69
84597	1.25
84613	4.65
84614	5.95
84625	2.39
84659	2.48
84660	2.82
84661	3.17
84663	2.93
84673	0.84
84705	1.25
84706	3.16
84707	9.33
84708	5.93
84709	5.95
84711	8.78
84712	7.68
84732	0.39
84741	1.95
84743	1.25
84745	0.42
84750	1.27
84751	1.68
84760	1.45
84795	10.75
84796	9.21
84798	2.55
84800	1.65
84801	2.10
84802	1.69
84803	1.69
84804	2.49
84805	2.32
84806	1.27
84809	2.10
84846	2.55
84849	2.02
84856	6.57
84857	4.11
84858	5.33
84859	2.44
84870	3.30
84872	11.16
84873	16.95
84874	1.64
84875	2.18
84876	2.75
84877	2.29
84884	5.67
84898	2.21
84910	7.46
84912	3.46
84913	3.51
84924	4.65
84925	2.20
84926	0.77
84927	1.46
84931	2.46
84951	1.81
84952	3.26
84963	46.45
84968	13.85
84970	1.30
84971	1.12
84984	4.65
84985	1.45
84989	1.44
84993	0.60
84997	5.02
85014	6.99
85017	0.68
85018	2.55
85019	2.16
85023	2.49
85024	1.64
85025	2.17
85026	0.99
85027	2.90
85028	2.00
85031	4.13
85032	1.12
85034	2.58
85035	3.16
85036	2.88
85039	1.73
85040	2.08
85049	1.50
85061	1.09
85071	0.97
85086	0.83
85098	3.75
85099	2.49
85114	2.35
85115	8.29
85123	3.21
85124	3.08
85129	1.90
85130	1.36
85131	0.86
85132	4.43
85135	8.06
85136	8.06
85159	2.11
85160	2.05
85163	12.02
85167	4.03
85168	8.48
85169	1.33
85170	2.64
85179	2.85
85180	3.21
85183	1.74
85184	3.20
85185	3.33
85186	0.64
85188	0.98
85194	0.83
85199	0.65
85205	2.87
85206	1.75
85230	0.27
85231	1.07
85232	5.67
90000	6.14
90001	4.22
90002	3.75
90003	3.75
90005	2.02
90010	9.20
90011	2.92
90012	6.49
90013	4.01
90014	9.12
90016	8.25
90018	4.19
90019	5.30
90024	8.41
90025	3.74
90026	8.46
90027	3.04
90030	2.59
90035	10.72
90036	7.95
90037	2.50
90038	3.74
90039	3.75
90040	3.74
90042	2.54
90058	0.38
90059	1.66
90060	5.90
90063	8.49
90064	3.84
90065	6.75
90067	2.92
90081	4.98
90082	6.43
90120	4.21
90122	4.99
90123	5.92
90124	9.98
90125	1.90
90126	3.33
90127	2.46
90128	2.33
90129	1.98
90130	2.92
90141	5.22
90142	5.01
90152	5.77
90160	6.99
90161	4.99
90162	2.95
90163	7.53
90164	5.79
90165	2.50
90175	9.11
90176	7.56
90177	2.93
90178	11.91
90179	5.88
90180	9.46
90181	9.17
90182	2.91
90183	2.92
90184	9.08
90185	4.21
90186	2.93
90187	3.33
90189	7.50
90190	2.92
90195	7.31
90196	12.72
90197	4.99
90198	4.20
90199	6.30
90200	4.20
90201	2.93
90202	2.92
90205	1.66
90206	4.99
90209	2.07
90210	2.12
90211	5.91
90212	3.76
90214	0.84